"MABP" "CBFV" "gamma" "nu" "cost" "train.cor" "test.cor" "fold"
"1" 8 3 2 0.7 1 0.9911 0.468161980633611 2
"2" 8 4 2 0.7 8 0.9946 0.465694098201102 2
"3" 8 3 2 0.7 2 0.9919 0.465596345733261 2
"4" 8 3 2 0.9 0.5 0.9896 0.465418831762241 2
"5" 8 3 2 0.8 1 0.9911 0.463156861336733 2
"6" 8 3 2 0.8 2 0.9918 0.456066657608305 2
"7" 8 4 2 0.8 1 0.9923 0.449701727924311 2
"8" 8 2 2 0.7 4 0.9909 0.447583640483671 2
"9" 8 4 2 0.9 1 0.9922 0.447264319270289 2
"10" 7 4 2 0.2 8 0.9935 0.443810107171556 2
"11" 7 4 2 0.3 4 0.9933 0.43879565869855 2
"12" 8 3 2 0.6 2 0.992 0.437716897439718 2
"13" 7 3 2 0.8 4 0.9921 0.434001376772448 2
"14" 8 2 2 0.9 2 0.9899 0.433738204516236 2
"15" 8 4 0.5 0.7 16 0.9915 0.433187765222714 2
"16" 8 4 2 0.6 2 0.9934 0.428877567619823 2
"17" 8 3 2 0.9 1 0.991 0.428691700561975 2
"18" 7 4 2 0.4 4 0.9938 0.42111606462423 2
"19" 5 3 2 0.9 256 0.9948 0.416983352442715 2
"20" 7 3 2 0.6 2 0.9918 0.414374942430141 2
"21" 7 4 2 0.6 2 0.9932 0.414345040578134 2
"22" 5 2 2 0.5 1024 0.9884 0.413746077858195 2
"23" 7 2 2 0.2 64 0.992 0.410227020334433 2
"24" 8 3 2 0.5 16 0.9944 0.410185441819458 2
"25" 7 3 2 0.9 1 0.9907 0.409658982022587 2
"26" 7 2 2 0.7 4 0.9906 0.402427497158978 2
"27" 8 4 0.5 0.8 8 0.991 0.400593260057033 2
"28" 8 4 2 0.2 8 0.9938 0.400444196522002 2
"29" 8 4 2 0.3 4 0.9936 0.39979285523831 2
"30" 7 3 0.5 0.2 1024 0.992 0.397168841044982 2
"31" 7 4 2 0.2 16 0.9943 0.396365497119235 2
"32" 7 3 2 0.8 2 0.9916 0.39198388381883 2
"33" 7 4 2 0.6 4 0.9939 0.391983450612504 2
"34" 8 3 2 0.1 32 0.9916 0.384839948994142 2
"35" 8 4 0.5 0.5 16 0.9915 0.38203794700913 2
"36" 8 4 0.5 0.6 16 0.9915 0.380944834778676 2
"37" 7 2 2 0.9 2 0.9897 0.378026666341918 2
"38" 6 2 2 0.5 256 0.9943 0.375935800566575 2
"39" 8 2 2 0.8 4 0.9908 0.375764308797109 2
"40" 8 2 2 0.6 4 0.991 0.375577768729325 2
"41" 5 2 2 0.6 1024 0.9909 0.372846034611785 2
"42" 8 2 2 0.1 4 0.9878 0.371171275984853 2
"43" 7 3 2 0.8 8 0.9927 0.370760950368141 2
"44" 7 4 0.5 0.8 8 0.9909 0.368696616566339 2
"45" 7 2 2 0.1 256 0.9915 0.368627442298461 2
"46" 8 4 2 0.2 4 0.9929 0.366567454958409 2
"47" 8 4 2 0.8 2 0.9931 0.365847566331708 2
"48" 8 4 2 0.9 64 0.9976 0.365321140938035 2
"49" 8 4 0.5 0.9 8 0.9909 0.365071660633431 2
"50" 4 2 2 0.1 10000 0.9789 0.364823670817514 2
"51" 6 1 0.5 0.2 10000 0.9338 0.364092313653434 2
"52" 7 3 2 0.7 16 0.9934 0.361666466915182 2
"53" 8 4 2 0.9 2 0.993 0.35676409555465 2
"54" 7 2 2 0.5 8 0.9914 0.356480900039646 2
"55" 3 3 2 0.9 256 0.9927 0.355832853285432 2
"56" 6 2 2 0.9 128 0.9929 0.355155564662909 2
"57" 6 2 2 0.6 512 0.9938 0.354109969790741 2
"58" 4 2 2 0.9 128 0.9917 0.348371337455315 2
"59" 7 4 0.5 0.6 16 0.9914 0.347696428863483 2
"60" 8 2 2 0.1 8 0.9885 0.346924318361273 2
"61" 8 3 2 0.3 4 0.9922 0.346868099087901 2
"62" 6 2 2 0.6 64 0.9928 0.344276081784611 2
"63" 8 3 0.001953125 0.1 10000 0.9876 0.341679720685468 2
"64" 7 4 0.5 0.9 8 0.9908 0.341587545560695 2
"65" 7 4 2 0.5 8 0.9946 0.341012557640021 2
"66" 7 4 0.5 0.8 4 0.9905 0.340972975412701 2
"67" 8 4 2 0.3 2 0.9927 0.340064880446696 2
"68" 8 4 2 0.6 4 0.9941 0.339937931283403 2
"69" 8 2 2 0.9 0.5 0.988 0.338206641611858 2
"70" 7 2 2 0.3 64 0.993 0.337548385497748 2
"71" 8 4 0.125 0.9 16 0.9895 0.336532694758024 2
"72" 7 4 2 0.1 64 0.9943 0.336148365063443 2
"73" 7 2 2 0.1 128 0.9907 0.335581855158348 2
"74" 5 4 2 0.9 16 0.9939 0.334466199576273 2
"75" 8 2 2 0.1 32 0.9897 0.333978881397969 2
"76" 7 3 2 0.5 16 0.9937 0.333374064176753 2
"77" 7 2 0.5 0.9 1024 0.9909 0.331303731013604 2
"78" 7 2 2 0.4 16 0.992 0.329386576617448 2
"79" 7 4 2 0.7 1 0.9923 0.328483632523142 2
"80" 8 3 0.0078125 0.1 512 0.9875 0.327970483064758 2
"81" 7 4 2 0.9 8 0.9942 0.327744441220222 2
"82" 8 4 2 0.7 2 0.9933 0.326833382829488 2
"83" 7 3 2 0.2 32 0.9933 0.324846310526842 2
"84" 4 2 2 0.8 512 0.9923 0.324373992575062 2
"85" 8 4 2 0.5 4 0.9942 0.323935321296312 2
"86" 8 4 0.03125 0.6 10000 0.9902 0.323932340459189 2
"87" 7 4 0.125 0.8 32 0.9898 0.323369737810135 2
"88" 8 4 0.5 0.7 8 0.9911 0.323175388844638 2
"89" 8 2 2 0.9 4 0.9907 0.322152161651484 2
"90" 8 2 0.5 0.9 16 0.9885 0.322074211980707 2
"91" 8 4 0.5 0.4 8 0.9908 0.321113984402155 2
"92" 7 2 2 0.8 4 0.9905 0.320624953557442 2
"93" 8 4 2 0.8 8 0.9946 0.320114160205436 2
"94" 3 3 2 0.5 512 0.9937 0.319403114429862 2
"95" 7 2 2 0.6 8 0.9913 0.31912569280296 2
"96" 8 3 0.125 0.5 128 0.9891 0.318979416843722 2
"97" 7 4 2 0.3 2 0.9924 0.318520864326114 2
"98" 8 3 2 0.6 1 0.9912 0.317217937222618 2
"99" 6 1 0.5 0.3 10000 0.9192 0.316390686934868 2
"100" 7 3 2 0.5 2 0.9917 0.315222361942479 2
"101" 8 4 0.001953125 0.8 10000 0.989 0.314889876727351 2
"102" 7 3 0.5 0.2 512 0.9914 0.314860536468345 2
"103" 8 4 0.5 0.9 4 0.9904 0.313939023610155 2
"104" 7 4 0.5 0.9 4 0.9904 0.312072369554704 2
"105" 5 4 2 0.7 32 0.9946 0.310466988901175 2
"106" 8 3 0.03125 0.6 10000 0.9891 0.310397773198197 2
"107" 8 4 0.125 0.4 256 0.9907 0.309415212943822 2
"108" 8 3 0.0078125 0.1 1024 0.9877 0.30807344115586 2
"109" 5 4 2 0.9 32 0.9946 0.307510131463915 2
"110" 7 2 2 0.5 256 0.9953 0.307168256085517 2
"111" 8 4 0.125 0.8 256 0.9907 0.307004391311272 2
"112" 8 4 0.001953125 0.1 10000 0.9884 0.304393572812071 2
"113" 8 1 2 0.6 10000 0.9238 0.30347524237163 2
"114" 8 4 0.125 0.7 128 0.9905 0.302924279508798 2
"115" 5 4 2 0.8 32 0.9946 0.301165631116883 2
"116" 7 4 0.5 0.6 4 0.9905 0.300907464070887 2
"117" 8 3 0.5 0.5 16 0.9902 0.30023552519201 2
"118" 7 4 0.5 0.8 16 0.9913 0.299389145210646 2
"119" 8 1 2 0.1 128 0.9383 0.299356191363546 2
"120" 7 2 2 0.3 32 0.9923 0.297945234587879 2
"121" 7 4 0.125 0.6 128 0.9905 0.297213317103089 2
"122" 8 4 0.125 0.7 64 0.9902 0.297066652421556 2
"123" 8 3 0.125 0.5 256 0.9894 0.297019117073925 2
"124" 8 3 2 0.3 2 0.9913 0.296907070495257 2
"125" 8 4 2 0.8 64 0.9976 0.296641476149633 2
"126" 7 1 2 0.1 128 0.9367 0.296555623751988 2
"127" 7 4 2 0.5 2 0.9932 0.295989609385499 2
"128" 8 4 0.001953125 0.9 10000 0.9889 0.295823792408532 2
"129" 8 4 2 0.6 8 0.9948 0.29548598921317 2
"130" 8 4 0.5 0.5 8 0.991 0.295415306032327 2
"131" 5 1 0.5 0.1 10000 0.9279 0.295226232818899 2
"132" 8 2 2 0.8 2 0.9901 0.294793170975663 2
"133" 7 4 0.125 0.8 256 0.9906 0.293826623783402 2
"134" 6 4 2 0.5 64 0.9964 0.293733183223739 2
"135" 8 1 2 0.1 512 0.9445 0.293405637380558 2
"136" 7 2 0.5 0.9 16 0.9885 0.293261772837221 2
"137" 8 2 0.5 0.8 8 0.9883 0.292740926785376 2
"138" 8 3 2 0.8 0.5 0.9897 0.292686069537336 2
"139" 7 4 0.125 0.4 256 0.9907 0.292141242582657 2
"140" 8 4 0.0078125 0.9 10000 0.9892 0.29213464804724 2
"141" 7 2 0.5 0.9 8 0.988 0.291918189766406 2
"142" 8 1 2 0.1 256 0.9419 0.291793458675838 2
"143" 7 4 0.5 0.9 2 0.9897 0.2917245659626 2
"144" 8 4 0.5 0.6 8 0.9911 0.291610390752353 2
"145" 7 1 2 0.1 64 0.9336 0.291210559652543 2
"146" 7 3 0.125 0.5 512 0.9897 0.291183040359849 2
"147" 8 4 0.03125 0.4 10000 0.9905 0.290878169272971 2
"148" 3 2 2 0.9 128 0.9908 0.290246940086819 2
"149" 7 1 2 0.1 256 0.9388 0.290103103865607 2
"150" 8 3 0.5 0.4 64 0.9911 0.289930383000619 2
"151" 8 4 0.5 0.7 512 0.994 0.289569529309885 2
"152" 8 1 2 0.1 64 0.9365 0.289260111437115 2
"153" 8 1 2 0.4 1024 0.968 0.289245419559639 2
"154" 8 3 0.0078125 0.2 512 0.9878 0.289141928952007 2
"155" 6 2 2 0.8 8 0.9907 0.289013626958077 2
"156" 8 3 0.0078125 0.2 1024 0.988 0.288958711052941 2
"157" 8 4 2 0.7 64 0.9976 0.288897110630836 2
"158" 7 3 2 0.3 16 0.9933 0.288608402623827 2
"159" 7 3 2 0.4 2 0.9915 0.288512651522789 2
"160" 7 2 2 0.7 8 0.9912 0.288317150846106 2
"161" 7 1 0.5 0.1 10000 0.9346 0.28821383813961 2
"162" 5 4 2 0.8 16 0.9939 0.287370354978489 2
"163" 7 3 2 0.4 4 0.9923 0.287102039566327 2
"164" 7 4 0.03125 0.7 10000 0.9905 0.287029276262578 2
"165" 7 2 2 0.1 32 0.9896 0.286931244505126 2
"166" 7 2 2 0.6 4 0.9907 0.286665362523942 2
"167" 7 2 2 0.8 2 0.9899 0.286365363204273 2
"168" 7 4 0.5 0.9 16 0.9912 0.285946584579203 2
"169" 8 4 0.125 0.5 256 0.9908 0.28588685776965 2
"170" 5 4 2 0.7 16 0.9941 0.285804295858685 2
"171" 8 4 0.125 0.6 128 0.9905 0.285616563642158 2
"172" 8 3 0.5 0.3 64 0.9908 0.28501304592164 2
"173" 8 4 0.00048828125 0.1 10000 0.9878 0.285001146090013 2
"174" 8 4 2 0.6 64 0.9976 0.284534433226835 2
"175" 6 3 2 0.3 256 0.9959 0.283185570207288 2
"176" 8 3 0.001953125 0.2 10000 0.988 0.283064604986276 2
"177" 7 4 0.03125 0.7 1024 0.9897 0.282899096579524 2
"178" 8 4 0.125 0.9 256 0.9906 0.282239997777773 2
"179" 8 4 0.125 0.9 8 0.9891 0.281772943964466 2
"180" 7 1 0.5 0.2 512 0.9326 0.281509433354659 2
"181" 8 2 2 0.3 8 0.9911 0.281129341892822 2
"182" 7 4 0.125 0.6 256 0.9907 0.28081240221979 2
"183" 7 4 2 0.7 8 0.9943 0.280724949076152 2
"184" 7 4 0.125 0.7 32 0.9898 0.279666965399672 2
"185" 8 4 0.125 0.8 128 0.9903 0.279472418618086 2
"186" 8 3 0.00048828125 0.2 10000 0.9877 0.279046508106591 2
"187" 5 2 0.5 0.2 10000 0.9836 0.277946908535502 2
"188" 4 4 0.5 0.5 512 0.9923 0.277893853514149 2
"189" 3 4 0.5 0.7 32 0.9908 0.277422382399681 2
"190" 7 4 2 0.8 4 0.9935 0.277394825748427 2
"191" 8 2 0.5 0.9 8 0.9881 0.276964148284042 2
"192" 7 4 0.125 0.8 128 0.9903 0.276291544313096 2
"193" 7 3 2 0.9 0.5 0.9895 0.27604703100602 2
"194" 8 4 0.0078125 0.1 1024 0.9883 0.275779111643524 2
"195" 7 4 0.125 0.7 128 0.9905 0.275463301885199 2
"196" 8 4 0.0078125 0.8 10000 0.9894 0.275357250988161 2
"197" 8 4 0.03125 0.5 10000 0.9905 0.274949857018816 2
"198" 8 3 2 0.5 4 0.9927 0.274695708536352 2
"199" 6 2 2 0.5 128 0.9935 0.274163287622377 2
"200" 7 4 2 0.4 8 0.9945 0.273444503063383 2
"201" 8 2 2 0.6 8 0.9918 0.273353750449632 2
"202" 6 2 2 0.7 8 0.9909 0.27324985254169 2
"203" 8 3 0.5 0.3 128 0.9913 0.272865069712011 2
"204" 7 2 2 0.2 32 0.9913 0.272354883836203 2
"205" 7 1 0.125 0.2 10000 0.9306 0.272117799244886 2
"206" 8 4 0.125 0.5 512 0.9911 0.271944485386495 2
"207" 8 3 0.125 0.5 512 0.9898 0.271933786898314 2
"208" 8 4 0.125 0.6 256 0.9908 0.271482522791296 2
"209" 8 3 0.5 0.5 8 0.9896 0.271128601005854 2
"210" 7 3 0.5 0.6 512 0.9924 0.271107809927385 2
"211" 8 1 0.125 0.2 10000 0.9321 0.270394412045853 2
"212" 7 4 0.125 0.7 256 0.9908 0.270342812676951 2
"213" 6 2 2 0.7 32 0.992 0.27026498685794 2
"214" 8 4 0.03125 0.7 256 0.9893 0.269852828938257 2
"215" 7 2 2 0.4 8 0.9913 0.269537978227965 2
"216" 8 2 2 0.4 8 0.9916 0.268728083651557 2
"217" 7 4 0.125 0.9 256 0.9906 0.268586606883895 2
"218" 8 2 0.5 0.8 16 0.9886 0.267718311257538 2
"219" 8 4 0.125 0.8 16 0.9895 0.266230211931783 2
"220" 8 3 2 0.3 64 0.9957 0.266082203534411 2
"221" 8 3 0.0078125 0.1 256 0.9871 0.266014527054568 2
"222" 7 3 0.5 0.5 16 0.9901 0.26600224420179 2
"223" 7 4 0.03125 0.8 1024 0.9896 0.265739251774007 2
"224" 7 4 0.125 0.7 64 0.9901 0.265648558868494 2
"225" 8 3 2 0.4 2 0.9918 0.265591422231998 2
"226" 6 1 0.5 0.2 1024 0.9322 0.265458990606966 2
"227" 7 4 0.001953125 0.1 10000 0.9883 0.265342115910433 2
"228" 7 4 0.03125 0.7 512 0.9895 0.26524282127929 2
"229" 8 4 0.03125 0.8 10000 0.9902 0.264981700500045 2
"230" 7 4 2 0.8 0.25 0.9882 0.264905205632883 2
"231" 6 4 0.5 0.8 1024 0.9929 0.264790981231446 2
"232" 3 2 2 0.3 1024 0.9921 0.264642155304628 2
"233" 8 4 0.125 0.9 32 0.9898 0.264597293414501 2
"234" 7 4 0.03125 0.8 512 0.9895 0.264305896417877 2
"235" 8 3 0.125 0.5 1024 0.9902 0.264218649296815 2
"236" 7 4 0.5 0.7 4 0.9905 0.263882001360376 2
"237" 7 4 2 0.8 8 0.9942 0.263849228532558 2
"238" 7 4 0.125 0.5 256 0.9907 0.26380235214384 2
"239" 7 3 0.5 0.4 1024 0.9929 0.263567605489327 2
"240" 8 3 0.5 0.2 512 0.9916 0.263241458195664 2
"241" 8 4 0.125 0.7 256 0.9908 0.26322480930728 2
"242" 7 1 2 0.1 32 0.9325 0.263219451356989 2
"243" 8 3 0.00048828125 0.7 10000 0.9856 0.26311814113904 1
"244" 8 4 0.0078125 0.8 1024 0.989 0.262784225585353 2
"245" 7 4 0.5 0.6 8 0.991 0.262594688953707 2
"246" 7 4 0.125 0.8 64 0.9901 0.262285154445286 2
"247" 8 4 2 0.8 16 0.9955 0.262078613517115 2
"248" 7 3 0.5 0.3 256 0.9917 0.262071161176591 2
"249" 8 3 0.03125 0.8 0.25 0.9591 0.26187183937973 2
"250" 8 3 0.5 0.4 32 0.9906 0.261528990744446 2
"251" 7 4 0.5 0.5 16 0.9914 0.261193032512634 2
"252" 7 1 0.5 0.2 256 0.9312 0.261164465834161 2
"253" 8 3 0.5 0.3 32 0.9903 0.260940790296663 2
"254" 8 4 0.125 0.8 8 0.9891 0.26070852807227 2
"255" 8 3 0.03125 0.2 128 0.988 0.260325082879594 2
"256" 8 3 2 0.3 32 0.9948 0.259459460731844 2
"257" 8 3 2 0.7 0.5 0.9896 0.259117905931947 2
"258" 8 4 0.03125 0.7 10000 0.9902 0.259106674162627 2
"259" 8 4 0.03125 0.8 128 0.9892 0.259079703182178 2
"260" 8 2 2 0.5 4 0.991 0.258923033990898 2
"261" 8 3 2 0.4 4 0.9926 0.25820914013771 2
"262" 7 1 2 0.1 10000 0.8749 0.258150441600403 2
"263" 3 2 2 0.8 128 0.991 0.257971047621026 2
"264" 8 2 0.03125 0.9 0.5 0.9555 0.257910175346593 2
"265" 8 3 0.125 0.4 256 0.9894 0.257909536437851 2
"266" 8 4 0.5 0.4 512 0.9941 0.257731292313949 2
"267" 8 3 0.125 0.6 256 0.9895 0.257628867518831 2
"268" 3 2 2 0.5 1024 0.9918 0.257139228166849 2
"269" 7 4 0.125 0.7 16 0.9895 0.25694168224693 2
"270" 7 1 0.5 0.2 1024 0.9338 0.256839876267851 2
"271" 7 3 2 0.7 2 0.9917 0.255830546218305 2
"272" 8 4 0.03125 0.6 1024 0.9898 0.255679113933938 2
"273" 8 3 2 0.4 1 0.9907 0.255641570833369 2
"274" 7 4 0.125 0.4 128 0.9904 0.255363672050895 2
"275" 6 1 0.5 0.2 512 0.9309 0.255135864255598 2
"276" 8 4 0.125 0.4 128 0.9904 0.255135798550658 2
"277" 8 4 0.03125 0.9 256 0.9893 0.254967377793932 2
"278" 7 4 0.00048828125 0.8 10000 0.9888 0.254274529758194 2
"279" 8 2 2 0.1 16 0.9891 0.254056131396329 2
"280" 7 3 0.125 0.6 1024 0.9901 0.25401688471964 2
"281" 8 3 0.5 0.7 4 0.9891 0.253737819237536 2
"282" 8 2 2 0.2 8 0.9903 0.253724395843285 2
"283" 8 3 0.125 0.6 512 0.9898 0.253469622894223 2
"284" 7 4 2 0.4 16 0.9954 0.25327093310187 2
"285" 7 3 0.125 0.5 1024 0.99 0.253268599714464 2
"286" 8 2 2 0.4 4 0.9908 0.253230008810001 2
"287" 7 4 0.5 0.7 2 0.9898 0.253162246678072 2
"288" 8 4 0.001953125 0.9 512 0.9849 0.252247846318936 1
"289" 8 2 0.0078125 0.9 2 0.957 0.252150901759588 2
"290" 8 4 2 0.7 4 0.9939 0.25205888852199 2
"291" 8 4 0.001953125 0.9 1024 0.9859 0.251935966190684 1
"292" 8 1 2 0.3 256 0.9562 0.251430111503307 2
"293" 7 4 0.03125 0.8 256 0.9893 0.25137450547475 2
"294" 8 4 0.125 0.4 512 0.991 0.25125564161176 2
"295" 7 1 0.5 0.1 1024 0.9306 0.251054924604425 2
"296" 8 3 0.5 0.4 8 0.9895 0.251005693667007 2
"297" 8 1 0.5 0.2 512 0.9338 0.250967910671661 2
"298" 8 3 0.125 0.7 256 0.9895 0.25069761653389 2
"299" 8 4 2 0.1 32 0.9937 0.250694878311167 2
"300" 8 3 0.5 0.5 32 0.9907 0.249876346938448 2
"301" 8 4 2 0.5 64 0.9976 0.249737508795668 2
"302" 7 2 2 0.9 0.5 0.9879 0.249732423594651 2
"303" 8 2 2 0.2 16 0.991 0.249567015758279 2
"304" 8 3 0.001953125 0.9 512 0.9846 0.24938191750886 1
"305" 5 2 0.5 0.9 1024 0.99 0.248927124045037 2
"306" 8 4 0.03125 0.9 512 0.9894 0.248911232472446 2
"307" 8 3 0.125 0.5 64 0.9888 0.248889017752434 2
"308" 8 1 0.5 0.2 256 0.9329 0.248708508255193 2
"309" 8 2 2 0.3 4 0.9902 0.248230771963243 2
"310" 8 3 0.5 0.7 512 0.9925 0.248072865228485 2
"311" 4 4 2 0.5 16 0.9934 0.247965549026815 1
"312" 6 1 2 0.1 64 0.932 0.247766062346183 2
"313" 8 4 0.03125 0.8 256 0.9893 0.247764745909309 2
"314" 5 1 2 0.1 128 0.9308 0.247471231541016 2
"315" 8 4 0.125 0.6 64 0.9902 0.247128108182625 2
"316" 8 3 0.001953125 0.2 1024 0.9875 0.247084717428005 2
"317" 4 3 2 0.6 256 0.994 0.246930643077453 2
"318" 7 3 0.125 0.6 512 0.9897 0.246390364246421 2
"319" 8 2 0.125 0.4 10000 0.9879 0.246137561301407 2
"320" 8 4 2 0.3 1 0.9914 0.246097387234681 2
"321" 5 1 0.5 0.3 1024 0.9317 0.246067258723353 2
"322" 7 3 0.5 0.5 32 0.9906 0.245819628740581 2
"323" 7 1 0.125 0.4 10000 0.9324 0.245711118395335 2
"324" 8 4 2 0.7 16 0.9955 0.245311474225351 2
"325" 8 3 0.001953125 0.3 1024 0.9878 0.245234894226815 2
"326" 7 4 0.001953125 0.8 10000 0.9889 0.245005270926318 2
"327" 6 1 0.5 0.1 10000 0.9296 0.244810701151451 2
"328" 6 1 0.125 0.2 10000 0.9298 0.244768985274451 2
"329" 6 1 2 0.1 128 0.9336 0.244760874209986 2
"330" 8 2 2 0.3 16 0.992 0.244722175108743 2
"331" 8 2 0.0078125 0.8 4 0.98 0.244506753811907 2
"332" 5 1 0.5 0.1 1024 0.926 0.244255071835684 2
"333" 8 3 0.03125 0.2 64 0.9877 0.244032489418658 2
"334" 8 4 0.001953125 0.1 1024 0.9873 0.243820308370828 2
"335" 7 4 0.5 0.7 8 0.991 0.243531278327959 2
"336" 8 2 0.001953125 0.9 16 0.9811 0.243386715160818 2
"337" 6 1 0.5 0.1 1024 0.9281 0.24337679850331 2
"338" 5 1 2 0.1 64 0.9295 0.243303132217295 2
"339" 8 3 0.03125 0.5 10000 0.9891 0.243246218796584 2
"340" 7 4 0.125 0.9 64 0.9901 0.242977632227288 2
"341" 8 4 2 0.5 2 0.9935 0.242952984509931 2
"342" 8 3 2 0.2 8 0.9921 0.242740919721055 2
"343" 7 1 0.5 0.2 10000 0.9357 0.242511878655979 2
"344" 4 1 2 0.2 512 0.9323 0.242425735028628 2
"345" 7 2 0.5 0.9 32 0.9889 0.242419289620586 2
"346" 8 4 2 0.9 16 0.9955 0.242216200330962 2
"347" 7 3 0.5 0.3 128 0.9912 0.242010046961174 2
"348" 8 2 0.00048828125 0.9 64 0.981 0.241661211238883 2
"349" 7 4 0.03125 0.6 1024 0.9898 0.241216897734208 2
"350" 7 3 2 0.6 1 0.991 0.240440728797347 2
"351" 8 2 2 0.9 1 0.989 0.240105713063199 2
"352" 8 1 2 0.4 128 0.9554 0.239850403273705 2
"353" 7 4 0.125 0.5 128 0.9904 0.239594178563579 2
"354" 8 4 0.0078125 0.9 128 0.9849 0.239446399770442 1
"355" 4 1 2 0.3 512 0.9351 0.239385637520342 2
"356" 4 1 0.5 0.2 10000 0.9295 0.239349728818194 2
"357" 8 3 0.125 0.4 512 0.9897 0.239300618446066 2
"358" 6 1 2 0.1 256 0.9357 0.239294773777163 2
"359" 8 1 0.125 0.1 10000 0.9289 0.23926764488612 2
"360" 7 3 0.125 0.5 256 0.9893 0.238595792411249 2
"361" 8 2 0.00048828125 0.9 32 0.9574 0.238222717386822 2
"362" 7 3 2 0.3 64 0.995 0.237880968016443 2
"363" 8 2 0.0078125 0.1 256 0.987 0.237818362290269 2
"364" 8 2 0.001953125 0.9 8 0.9574 0.237789707801285 2
"365" 8 2 0.001953125 0.8 16 0.9803 0.237575266732919 2
"366" 8 4 0.03125 0.7 1024 0.9897 0.237182314823028 2
"367" 7 2 0.5 0.8 8 0.9882 0.237132062878182 2
"368" 4 2 2 0.8 1024 0.9929 0.237110260219645 2
"369" 8 3 0.03125 0.5 1024 0.9886 0.237023748969827 2
"370" 7 3 2 0.8 0.5 0.9896 0.236861202074838 2
"371" 8 3 0.125 0.7 128 0.9891 0.236399519312467 2
"372" 7 4 0.125 0.8 16 0.9895 0.236346002965651 2
"373" 4 1 2 0.2 256 0.9316 0.235947902313423 2
"374" 7 1 0.125 0.1 10000 0.9279 0.235793735622965 2
"375" 5 1 2 0.2 128 0.9345 0.23571612736141 2
"376" 7 4 0.03125 0.9 1024 0.9896 0.235715292298396 2
"377" 4 4 0.5 0.4 512 0.9923 0.235531688333115 2
"378" 8 1 2 0.1 32 0.9347 0.235520026868192 2
"379" 7 3 0.0078125 0.1 1024 0.9877 0.23541293901036 2
"380" 8 3 0.00048828125 0.7 10000 0.9879 0.235261861315814 2
"381" 4 1 2 0.1 10000 0.91 0.235195711891836 2
"382" 8 1 2 0.4 256 0.9595 0.235187546085436 2
"383" 7 1 0.5 0.1 512 0.9287 0.235053705436315 2
"384" 5 1 2 0.2 256 0.9362 0.234684313432817 2
"385" 7 4 0.03125 0.8 128 0.9892 0.23463321689881 2
"386" 4 2 2 0.2 1024 0.992 0.234234610444795 2
"387" 8 3 0.001953125 0.8 512 0.9845 0.234084540332218 1
"388" 8 1 2 0.7 512 0.9639 0.233978637367205 2
"389" 8 4 2 0.8 0.25 0.9883 0.233862627047234 2
"390" 8 3 0.03125 0.2 256 0.9881 0.233815966665631 2
"391" 7 4 0.125 0.6 64 0.9902 0.233731491898339 2
"392" 7 3 0.125 0.5 128 0.9891 0.233631053311047 2
"393" 8 3 0.001953125 0.4 1024 0.9852 0.233589587001598 1
"394" 7 3 0.5 0.5 8 0.9895 0.233582404843309 2
"395" 8 3 0.5 0.4 16 0.99 0.233380951604414 2
"396" 4 1 2 0.2 1024 0.9339 0.233035940198161 2
"397" 7 3 2 0.3 8 0.9926 0.232905554151849 2
"398" 8 2 0.5 0.9 32 0.989 0.232779004063133 2
"399" 8 3 0.125 0.4 1024 0.9901 0.232705491647575 2
"400" 7 1 2 0.9 1024 0.9621 0.232400205371954 2
"401" 8 1 2 0.5 512 0.9662 0.23223869847605 2
"402" 4 1 2 0.3 1024 0.9369 0.231990323325939 2
"403" 8 4 0.03125 0.8 512 0.9894 0.231940141076684 2
"404" 8 2 0.001953125 0.9 512 0.9844 0.231932962519432 1
"405" 8 2 0.03125 0.8 1 0.9798 0.231882819855515 2
"406" 8 4 0.5 0.8 4 0.9905 0.231863498196526 2
"407" 8 4 0.5 0.4 16 0.9914 0.231835570780604 2
"408" 5 3 2 0.2 512 0.9945 0.231820727663271 2
"409" 8 2 0.125 0.9 512 0.9885 0.231334625719135 2
"410" 8 2 0.03125 0.8 0.5 0.9538 0.231262437438266 2
"411" 4 3 0.5 0.3 10000 0.972 0.230983716476833 2
"412" 8 4 0.5 0.2 1024 0.9936 0.230746120681752 2
"413" 7 4 0.5 0.5 8 0.991 0.230722959888388 2
"414" 7 3 0.5 0.8 1024 0.9915 0.230715681798207 2
"415" 8 1 0.5 0.1 512 0.9294 0.230564199637202 2
"416" 8 2 0.125 0.9 1024 0.9888 0.230350576702741 2
"417" 8 1 2 0.2 512 0.9542 0.230241651981882 2
"418" 8 1 2 0.2 256 0.9506 0.230142566258013 2
"419" 7 3 0.5 0.7 16 0.99 0.230056211523464 2
"420" 8 4 0.001953125 0.4 1024 0.9854 0.230053649370206 1
"421" 8 4 0.03125 0.3 10000 0.9904 0.229958191423204 2
"422" 8 4 2 0.4 16 0.9958 0.229709938753954 2
"423" 7 1 2 0.3 1024 0.9575 0.22960878011086 2
"424" 7 4 0.125 0.9 128 0.9903 0.229209739371363 2
"425" 7 2 2 0.5 4 0.9907 0.229151282939319 2
"426" 7 4 0.125 0.5 64 0.9901 0.229034214927661 2
"427" 8 3 2 0.9 2 0.9917 0.228990855872551 2
"428" 8 3 0.03125 0.8 10000 0.9892 0.22869637676712 2
"429" 8 4 0.03125 0.1 128 0.9881 0.228600523565291 2
"430" 7 3 0.5 0.3 512 0.9922 0.228221033006874 2
"431" 8 2 0.00048828125 0.8 64 0.9803 0.227940756002389 2
"432" 7 2 2 0.7 2 0.99 0.227807937638613 2
"433" 8 1 0.5 0.2 128 0.932 0.22776172805537 2
"434" 8 3 0.00048828125 0.8 10000 0.9879 0.227555516941836 2
"435" 5 1 0.5 0.2 1024 0.9299 0.227405104934784 2
"436" 8 4 0.125 0.7 32 0.9898 0.227367217081057 2
"437" 8 4 2 0.9 4 0.9937 0.226817971083438 2
"438" 8 4 0.03125 0.7 512 0.9895 0.226547466878824 2
"439" 7 4 2 0.7 0.25 0.9881 0.226462436094422 2
"440" 8 4 2 0.8 4 0.9937 0.225771234927357 2
"441" 8 2 2 0.9 256 0.9959 0.225685442099931 2
"442" 4 4 2 0.4 16 0.9932 0.225657305514387 1
"443" 7 4 0.125 0.9 32 0.9898 0.225613339418435 2
"444" 8 2 0.5 0.8 4 0.9878 0.225596553763183 2
"445" 6 1 0.125 0.1 10000 0.9272 0.225592983688416 2
"446" 8 2 0.001953125 0.8 512 0.9844 0.225542741438824 1
"447" 7 3 2 0.2 16 0.9925 0.225463168190229 2
"448" 7 1 0.5 0.2 128 0.9307 0.22511791158828 2
"449" 7 3 0.5 0.4 8 0.9895 0.22511212037507 2
"450" 4 3 2 0.4 1024 0.9943 0.224985225698723 2
"451" 8 1 0.5 0.1 256 0.9287 0.224930534381662 2
"452" 8 3 0.001953125 0.1 1024 0.987 0.224917107897045 2
"453" 6 4 2 0.2 128 0.9963 0.224915628564418 2
"454" 7 4 2 0.3 8 0.9942 0.224681838714421 2
"455" 4 4 0.5 0.8 1024 0.9922 0.224657468126902 2
"456" 8 3 0.00048828125 0.4 10000 0.9855 0.224332415682834 1
"457" 8 2 2 0.2 32 0.9918 0.224111483884091 2
"458" 7 4 0.125 0.9 512 0.9909 0.224029420144254 2
"459" 8 1 0.5 0.1 128 0.9287 0.223954907692093 2
"460" 8 4 0.03125 0.8 64 0.9891 0.223823963247094 2
"461" 8 4 0.125 0.8 32 0.9899 0.223718015289349 2
"462" 7 3 2 0.9 0.25 0.9871 0.223546256192933 2
"463" 8 1 0.5 0.1 1024 0.9314 0.223529275070456 2
"464" 7 1 2 0.3 512 0.9545 0.223396337852564 2
"465" 7 3 2 0.6 8 0.993 0.223219419592118 2
"466" 8 4 0.5 0.6 512 0.994 0.223202505447082 2
"467" 8 1 0.5 0.2 1024 0.9354 0.222997401921197 2
"468" 7 2 2 0.3 16 0.9915 0.222976034432195 2
"469" 8 2 0.03125 0.9 10000 0.9878 0.222736402909541 2
"470" 7 3 2 0.7 1 0.991 0.222716104852914 2
"471" 8 4 0.001953125 0.8 512 0.9846 0.222373922668109 1
"472" 8 4 0.5 0.4 4 0.9903 0.22226831195097 2
"473" 8 3 0.5 0.7 8 0.9896 0.222235186682418 2
"474" 5 1 2 0.1 256 0.9322 0.222186628655095 2
"475" 8 2 2 0.7 2 0.9902 0.222164157288563 2
"476" 8 1 2 0.1 16 0.9331 0.221701301995539 2
"477" 4 2 2 0.7 512 0.9912 0.221565223278683 2
"478" 8 3 0.125 0.4 128 0.989 0.221540412673921 2
"479" 5 1 2 0.2 512 0.9377 0.221430802631623 2
"480" 5 1 2 0.2 64 0.9329 0.221253199968408 2
"481" 6 2 2 0.9 32 0.9917 0.220990048003066 2
"482" 4 4 0.5 0.9 128 0.9913 0.220779574486761 2
"483" 8 3 0.00048828125 0.1 10000 0.9872 0.220674068348176 2
"484" 7 1 0.5 0.3 10000 0.9374 0.220531548212247 2
"485" 8 2 2 0.3 2 0.9893 0.220525165133881 2
"486" 8 2 2 0.8 32 0.9928 0.220224920096664 2
"487" 8 4 0.0078125 0.1 512 0.988 0.219982282415763 2
"488" 8 3 0.125 0.6 1024 0.9901 0.21984515743394 2
"489" 6 1 0.5 0.3 1024 0.9344 0.219179905150582 2
"490" 4 4 2 0.9 128 0.9951 0.219175865623988 2
"491" 3 4 0.5 0.8 1024 0.9914 0.219058763444201 2
"492" 5 1 2 0.1 1024 0.9326 0.218858660306653 2
"493" 8 3 0.00048828125 0.5 10000 0.9855 0.218731010217487 1
"494" 8 1 2 0.3 128 0.952 0.218423426691924 2
"495" 5 1 2 0.1 512 0.9326 0.218316161137452 2
"496" 5 1 0.5 0.2 10000 0.9252 0.218249684152228 2
"497" 8 4 0.125 0.9 128 0.9904 0.217995577875491 2
"498" 7 3 0.125 0.4 128 0.989 0.217947218353489 2
"499" 4 1 2 0.1 1024 0.9293 0.217880004511817 2
"500" 8 3 2 0.3 8 0.993 0.217622323297643 2
