"MABP" "CBFV" "gamma" "nu" "cost" "train.cor" "test.cor" "fold"
"1" 8 3 0.5 0.5 128 0.9661 0.673079308517254 2
"2" 8 3 0.5 0.5 64 0.9646 0.665480579163189 2
"3" 7 3 0.5 0.5 128 0.9654 0.664597211021941 2
"4" 8 3 0.5 0.6 64 0.965 0.664570065576768 2
"5" 7 3 0.5 0.5 64 0.964 0.66313416090572 2
"6" 8 3 0.5 0.5 32 0.9637 0.661131168551853 2
"7" 8 3 0.5 0.5 256 0.9674 0.6609177527222 2
"8" 7 3 0.5 0.5 32 0.9629 0.660169358695523 2
"9" 7 3 0.5 0.4 128 0.965 0.659735258750341 2
"10" 6 3 0.5 0.7 256 0.9654 0.659624177422806 2
"11" 8 3 0.125 0.5 512 0.9622 0.658104922271338 2
"12" 7 3 0.5 0.4 64 0.9639 0.657945308129414 2
"13" 6 3 0.5 0.9 256 0.9647 0.657536195101023 2
"14" 8 3 0.125 0.5 256 0.9614 0.657139709277717 2
"15" 8 3 0.125 0.5 128 0.9607 0.656321006148341 2
"16" 6 3 0.5 0.9 512 0.966 0.655476526529769 2
"17" 8 3 0.125 0.5 64 0.96 0.654960131161414 2
"18" 8 3 0.125 0.5 1024 0.9629 0.654607386827283 2
"19" 7 3 0.5 0.5 256 0.9666 0.654559372687239 2
"20" 6 3 0.5 0.7 512 0.9668 0.654497449865072 2
"21" 8 3 0.03125 0.5 10000 0.9611 0.654454030502822 2
"22" 7 3 0.5 0.6 64 0.9642 0.654405361479416 2
"23" 6 1 2 0.2 1 0.9341 0.654132989259653 2
"24" 7 3 0.125 0.5 1024 0.962 0.653447510656317 2
"25" 6 3 0.5 0.4 256 0.9653 0.652702213021971 2
"26" 6 3 0.5 0.8 256 0.9651 0.652579264709718 2
"27" 7 3 0.5 0.4 16 0.9617 0.652528574597049 2
"28" 8 3 0.0078125 0.5 10000 0.9583 0.652398171512617 2
"29" 8 3 0.03125 0.5 1024 0.9591 0.651967122561296 2
"30" 6 3 0.5 0.9 1024 0.9673 0.651891816281358 2
"31" 8 3 0.5 0.5 16 0.9627 0.651850191424677 2
"32" 5 3 0.5 0.9 512 0.964 0.651846745145254 2
"33" 7 3 0.5 0.8 128 0.9654 0.651496403383169 2
"34" 8 4 0.5 0.3 8 0.9709 0.651362496076337 2
"35" 8 2 0.125 0.8 64 0.9499 0.651217273434944 2
"36" 8 3 0.03125 0.5 512 0.9588 0.651198772276165 2
"37" 6 3 0.5 0.4 32 0.9618 0.651186436282597 2
"38" 7 3 0.5 0.7 128 0.9655 0.650916228751409 2
"39" 6 3 0.5 0.4 128 0.9639 0.650762718309255 2
"40" 8 1 0.5 0.6 128 0.9411 0.650491034266938 2
"41" 7 3 0.125 0.4 1024 0.9619 0.650482106795612 2
"42" 8 1 0.125 0.3 128 0.935 0.650014050730033 2
"43" 8 3 0.5 0.6 128 0.9663 0.649939645087509 2
"44" 6 3 0.5 0.8 512 0.9664 0.649889815716189 2
"45" 6 4 0.5 0.5 256 0.9756 0.649778821403631 2
"46" 6 4 0.5 0.5 128 0.9747 0.649519405561782 2
"47" 8 3 0.125 0.4 128 0.9606 0.649499539360936 2
"48" 6 3 0.5 0.8 1024 0.9676 0.649398739062756 2
"49" 6 3 0.5 0.4 16 0.9609 0.649263428400181 2
"50" 6 4 0.5 0.2 128 0.9725 0.649142344395748 2
"51" 8 3 0.5 0.7 128 0.9662 0.649043959488123 2
"52" 6 3 0.03125 0.6 10000 0.9594 0.649034216052173 2
"53" 8 1 0.125 0.3 64 0.9344 0.648960271955205 2
"54" 8 2 0.125 0.8 16 0.9485 0.64891996288564 2
"55" 8 3 0.5 0.7 64 0.9651 0.648894001998608 2
"56" 8 2 0.03125 0.9 512 0.9487 0.648845169445434 2
"57" 8 2 0.125 0.8 32 0.9493 0.648823875743079 2
"58" 8 2 0.125 0.9 32 0.9491 0.648599235470194 2
"59" 6 3 0.125 0.6 128 0.9592 0.648479857629937 2
"60" 7 3 0.5 0.7 256 0.9667 0.648465853146664 2
"61" 6 3 0.5 0.6 1024 0.9682 0.648399726507582 2
"62" 8 2 0.125 0.9 128 0.9504 0.648316057636656 2
"63" 6 1 0.125 0.3 32 0.9326 0.648308806981381 2
"64" 8 2 0.125 0.9 64 0.9497 0.648167490804819 2
"65" 8 3 0.03125 0.5 128 0.9574 0.648115844495751 2
"66" 8 1 0.0078125 0.9 10000 0.9333 0.64805569669716 2
"67" 8 4 0.125 0.4 32 0.97 0.647966606010278 2
"68" 7 3 0.125 0.5 512 0.9612 0.647890331637707 2
"69" 8 3 0.03125 0.5 256 0.9582 0.647819758619852 2
"70" 8 2 0.03125 0.7 1024 0.9492 0.647754727660947 2
"71" 8 2 0.125 0.7 32 0.9491 0.647577300520898 2
"72" 6 1 0.125 0.4 512 0.9349 0.647569774271298 2
"73" 5 3 0.5 0.9 256 0.9635 0.647561606154139 2
"74" 8 1 0.03125 0.9 128 0.9325 0.647523663476673 2
"75" 8 4 0.125 0.3 128 0.9708 0.647508637519604 2
"76" 7 3 0.5 0.4 256 0.9664 0.647375977889244 2
"77" 7 3 0.5 0.4 32 0.9628 0.647360525327921 2
"78" 4 3 0.5 0.9 1024 0.9639 0.647332573578531 2
"79" 6 1 0.5 0.2 256 0.9364 0.647313934298594 2
"80" 8 4 0.125 0.8 16 0.9693 0.647244096844371 2
"81" 8 1 0.03125 0.4 1024 0.9347 0.647240127499617 2
"82" 7 3 0.5 0.7 64 0.9643 0.647175449440082 2
"83" 8 2 0.03125 0.8 1024 0.949 0.647148767902387 2
"84" 8 1 0.0078125 0.8 10000 0.9333 0.647135973141784 2
"85" 8 1 0.03125 0.7 512 0.9338 0.647017291525336 2
"86" 8 3 0.5 0.8 64 0.9649 0.646988118006621 2
"87" 8 2 0.03125 0.9 256 0.9482 0.646977774391661 2
"88" 7 3 0.125 0.4 128 0.9597 0.64689289727528 2
"89" 7 3 0.125 0.5 256 0.9605 0.646843090348011 2
"90" 8 2 0.03125 0.7 512 0.9487 0.646787011243116 2
"91" 7 3 0.125 0.4 256 0.9604 0.646739235107417 2
"92" 8 2 0.125 0.6 32 0.9492 0.646713085526856 2
"93" 8 1 0.125 0.4 16 0.9336 0.646639958027945 2
"94" 8 1 0.125 0.6 16 0.9337 0.646624500178839 2
"95" 8 3 0.5 0.4 64 0.9644 0.646623396232245 2
"96" 8 2 0.03125 0.8 512 0.9486 0.646615923074874 2
"97" 6 1 0.125 0.3 64 0.9331 0.646540907436779 2
"98" 8 2 0.03125 0.9 1024 0.9491 0.646439292844067 2
"99" 8 2 0.125 0.9 256 0.9511 0.646404893340686 2
"100" 8 2 0.125 0.9 16 0.9485 0.646288535333824 2
"101" 7 3 0.125 0.9 1024 0.9618 0.646228152844026 2
"102" 6 3 0.125 0.6 64 0.9588 0.646204988451756 2
"103" 7 3 0.5 0.4 8 0.9603 0.646171047282645 2
"104" 8 1 0.03125 0.9 256 0.9331 0.646137990126548 2
"105" 8 4 0.125 0.3 64 0.9703 0.646098114727364 2
"106" 8 3 0.5 0.6 256 0.9675 0.646093356566757 2
"107" 8 4 0.125 0.3 32 0.9695 0.646091438685681 2
"108" 6 1 0.5 0.2 64 0.935 0.64608583395113 2
"109" 6 1 0.5 0.2 32 0.9344 0.645986950404643 2
"110" 8 3 0.125 0.4 256 0.9614 0.645964128262698 2
"111" 8 2 0.125 0.6 64 0.9499 0.645853229299072 2
"112" 8 2 0.03125 0.7 256 0.9482 0.645813956672527 2
"113" 8 1 0.125 0.4 8 0.9328 0.645786041446402 2
"114" 7 3 0.125 0.5 32 0.9584 0.64576637401441 2
"115" 8 1 0.03125 0.9 64 0.9321 0.645765416526131 2
"116" 6 4 0.5 0.3 128 0.9738 0.645696375097207 2
"117" 7 3 0.125 0.4 512 0.9612 0.64564148892951 2
"118" 8 1 0.03125 0.6 512 0.934 0.645632939316278 2
"119" 8 1 0.03125 0.6 1024 0.9346 0.645587435784774 2
"120" 8 4 0.5 0.7 1 0.966 0.645563153635233 2
"121" 7 3 0.5 0.6 128 0.9655 0.645497521989979 2
"122" 8 4 0.125 0.7 16 0.9689 0.645418681973008 2
"123" 8 3 0.03125 0.4 256 0.9578 0.645399933818603 2
"124" 8 3 0.5 0.4 4 0.9601 0.645388402940436 2
"125" 8 2 0.5 0.9 2 0.9493 0.645376622727627 2
"126" 8 1 0.03125 0.3 256 0.9327 0.645375530081588 2
"127" 8 1 0.03125 0.8 256 0.9333 0.645374402922154 2
"128" 8 2 0.03125 0.8 256 0.9482 0.645342406666065 2
"129" 8 1 0.03125 0.5 1024 0.9346 0.645324419071536 2
"130" 8 1 0.0078125 0.6 10000 0.9336 0.645319178238906 2
"131" 8 1 2 0.5 4 0.9435 0.645239689545832 2
"132" 8 1 0.03125 0.9 1024 0.934 0.645212838703129 2
"133" 8 4 0.125 0.8 32 0.9701 0.645190900932269 2
"134" 8 2 0.125 0.8 128 0.9506 0.645172074272423 2
"135" 8 1 0.03125 0.8 128 0.9325 0.645165759857707 2
"136" 7 3 0.125 0.5 128 0.9598 0.645138809840369 2
"137" 7 3 0.125 0.9 512 0.9612 0.645095973097813 2
"138" 6 1 2 0.9 0.5 0.9345 0.644928673249704 2
"139" 7 3 0.5 0.5 16 0.9619 0.644857908345156 2
"140" 8 1 0.03125 0.4 512 0.9339 0.644853511756833 2
"141" 8 4 0.5 0.8 1 0.9658 0.644803942143858 2
"142" 5 3 2 0.5 128 0.9745 0.644780390329829 2
"143" 8 4 0.125 0.4 16 0.9687 0.644765566767972 2
"144" 8 3 0.03125 0.4 512 0.9586 0.644703709452947 2
"145" 8 1 0.03125 0.4 256 0.933 0.644703634895853 2
"146" 6 3 0.5 0.4 64 0.9627 0.644693787861436 2
"147" 7 3 0.03125 0.6 1024 0.9586 0.644663824506237 2
"148" 8 2 0.5 0.9 64 0.954 0.644642254391378 2
"149" 8 1 0.03125 0.7 256 0.933 0.644631353571829 2
"150" 6 1 0.125 0.4 1024 0.9355 0.644606620359425 2
"151" 8 3 0.125 0.5 32 0.9591 0.644579438310461 2
"152" 5 3 0.5 0.4 128 0.9624 0.644569968972953 2
"153" 7 3 0.5 0.5 8 0.9606 0.644568128922009 2
"154" 6 1 2 0.8 0.5 0.9345 0.644565372961054 2
"155" 8 2 0.03125 0.7 128 0.9477 0.644504632807784 2
"156" 5 3 0.5 0.8 1024 0.9656 0.644482505511913 2
"157" 8 1 0.125 0.6 8 0.933 0.644418034753772 2
"158" 8 2 0.03125 0.8 128 0.9478 0.644342248171339 2
"159" 8 3 0.03125 0.4 10000 0.9611 0.644316665957658 2
"160" 6 3 2 0.6 8 0.9681 0.644313761532918 2
"161" 6 1 0.5 0.3 8 0.9339 0.644305173665535 2
"162" 7 3 0.125 0.5 64 0.9592 0.644272144747897 2
"163" 6 1 0.03125 0.5 10000 0.9345 0.644246578755105 2
"164" 8 3 0.125 0.4 64 0.9597 0.644208662118016 2
"165" 6 1 0.125 0.3 4 0.9312 0.64414015872038 2
"166" 6 3 0.5 0.3 16 0.9604 0.644108578077192 2
"167" 7 3 0.03125 0.5 10000 0.9601 0.6440771094799 2
"168" 8 3 0.5 0.5 2 0.9585 0.643923081460962 2
"169" 8 3 0.03125 0.4 1024 0.9591 0.643854683077531 2
"170" 6 1 0.03125 0.4 10000 0.9344 0.643842676006219 2
"171" 6 1 0.125 0.4 256 0.9344 0.643840236800869 2
"172" 8 1 0.03125 0.5 512 0.9339 0.643829522620618 2
"173" 8 1 0.125 0.7 16 0.9336 0.64378554736463 2
"174" 8 3 0.0078125 0.5 1024 0.9571 0.643730936709309 2
"175" 8 1 0.125 0.5 8 0.9328 0.643715950454928 2
"176" 8 1 0.125 0.5 64 0.9349 0.643715295562717 2
"177" 8 3 2 0.5 1 0.9639 0.64370578316118 2
"178" 8 1 0.03125 0.6 256 0.9332 0.643683583539001 2
"179" 7 3 0.5 0.5 4 0.9593 0.643676744364016 2
"180" 6 1 0.125 0.4 8 0.9319 0.643676322511098 2
"181" 7 3 0.125 0.3 10000 0.9644 0.643659994943967 2
"182" 8 3 0.0078125 0.5 512 0.9565 0.643651903639711 2
"183" 8 3 0.0078125 0.6 10000 0.9585 0.643646373989889 2
"184" 8 2 0.125 0.9 512 0.9519 0.643611899742349 2
"185" 8 2 0.125 0.5 128 0.9507 0.643583107868338 2
"186" 8 1 0.03125 0.3 1024 0.9336 0.643528537797596 2
"187" 8 2 0.03125 0.6 1024 0.9494 0.643516996885464 2
"188" 8 2 0.125 0.7 16 0.9485 0.643512658419189 2
"189" 8 3 0.00048828125 0.5 10000 0.956 0.643482986997876 2
"190" 6 4 0.5 0.5 512 0.9766 0.643482088979541 2
"191" 8 1 0.03125 0.9 512 0.9335 0.643437101142643 2
"192" 8 3 0.125 0.4 16 0.9578 0.643434900955578 2
"193" 8 3 0.03125 0.5 64 0.9566 0.643419270452614 2
"194" 7 3 2 0.4 64 0.9758 0.643400735436833 2
"195" 8 2 0.5 0.9 128 0.9551 0.643378516410452 2
"196" 8 1 0.125 0.6 32 0.9344 0.643333700770212 2
"197" 8 1 0.5 0.5 128 0.9414 0.643328578838723 2
"198" 7 3 0.5 0.8 256 0.9666 0.643300368677822 2
"199" 6 1 0.03125 0.4 32 0.9312 0.643238692445799 2
"200" 6 1 0.5 0.3 32 0.9356 0.643221083579278 2
"201" 8 1 0.03125 0.7 1024 0.9344 0.64317802178561 2
"202" 8 3 0.5 0.7 32 0.9641 0.643136386599274 2
"203" 8 1 0.125 0.3 4 0.9313 0.643135492586074 2
"204" 8 1 0.125 0.5 32 0.9344 0.643130454621433 2
"205" 8 2 0.03125 0.9 128 0.9479 0.643121321879537 2
"206" 6 3 0.5 0.7 1024 0.968 0.643113267224941 2
"207" 6 1 0.125 0.3 8 0.9317 0.643106454821174 2
"208" 8 3 0.5 0.4 8 0.9615 0.643051689818469 2
"209" 8 3 0.125 0.4 32 0.959 0.642982313977449 2
"210" 6 3 0.5 0.5 16 0.961 0.642961819264073 2
"211" 6 3 0.125 0.5 32 0.958 0.64294386705867 2
"212" 8 4 0.125 0.9 8 0.9676 0.642939334031745 2
"213" 6 4 0.125 0.2 1024 0.9708 0.642916932783696 2
"214" 6 1 0.125 0.4 128 0.934 0.642898678355781 2
"215" 8 3 0.001953125 0.5 10000 0.9567 0.642882578007437 2
"216" 8 4 0.125 0.5 16 0.9689 0.64287186789708 2
"217" 8 2 0.0078125 0.9 10000 0.9483 0.642828707322788 2
"218" 7 3 0.125 0.4 64 0.9589 0.642780995582787 2
"219" 7 3 0.03125 0.6 512 0.9582 0.64278078739509 2
"220" 6 3 0.03125 0.4 10000 0.9593 0.64277312081805 2
"221" 8 4 0.03125 0.9 1024 0.9704 0.642770607498634 2
"222" 7 3 0.03125 0.6 256 0.9578 0.642770522499909 2
"223" 6 1 0.5 0.4 32 0.9358 0.642761729473076 2
"224" 8 3 0.03125 0.7 256 0.9583 0.642747445096902 2
"225" 8 4 0.5 0.8 2 0.9686 0.642716128848395 2
"226" 8 1 0.125 0.4 32 0.9343 0.642700187577957 2
"227" 6 1 0.5 0.4 64 0.9366 0.642686589532867 2
"228" 7 3 0.5 0.4 4 0.959 0.642656406985884 2
"229" 7 3 0.125 0.3 1024 0.9616 0.642654960071585 2
"230" 6 1 0.125 0.5 256 0.9344 0.642648694181222 2
"231" 6 3 0.5 0.9 64 0.9628 0.642630015639815 2
"232" 4 3 0.5 0.6 1024 0.9647 0.642629289443247 2
"233" 8 1 0.03125 0.9 32 0.9316 0.642603875044579 2
"234" 8 2 0.03125 0.8 64 0.9474 0.642539970992049 2
"235" 8 1 0.0078125 0.5 10000 0.9335 0.64249785978711 2
"236" 8 1 0.03125 0.5 128 0.9324 0.642478624994961 2
"237" 6 4 0.125 0.2 10000 0.9725 0.642476451884686 2
"238" 6 1 2 0.8 1 0.9362 0.642412103196762 2
"239" 5 3 0.5 0.9 1024 0.965 0.642384882030603 2
"240" 8 4 0.125 0.7 32 0.97 0.642378620452876 2
"241" 8 2 0.125 0.5 64 0.95 0.642337045759399 2
"242" 8 1 0.03125 0.7 128 0.9325 0.642336036684255 2
"243" 8 2 0.5 0.9 4 0.9503 0.642302796009977 2
"244" 5 3 2 0.5 0.5 0.9583 0.642275777310855 2
"245" 8 1 0.03125 0.5 64 0.9318 0.642252265807631 2
"246" 8 1 0.03125 0.4 128 0.9325 0.642243834158183 2
"247" 7 3 0.03125 0.4 10000 0.9602 0.642202369649412 2
"248" 6 1 0.03125 0.4 16 0.9309 0.642169477555492 2
"249" 7 3 0.03125 0.5 1024 0.9586 0.64216729942239 2
"250" 6 1 0.125 0.4 64 0.9336 0.642061190809912 2
"251" 6 1 0.5 0.4 16 0.9349 0.642042160661233 2
"252" 6 1 2 0.9 1 0.9361 0.642022553594235 2
"253" 6 4 0.5 0.3 256 0.9746 0.641989197974244 2
"254" 6 1 0.03125 0.3 32 0.9312 0.64197896309443 2
"255" 8 4 0.5 0.9 2 0.9684 0.641950451697198 2
"256" 6 4 0.5 0.3 64 0.973 0.641889306757987 2
"257" 6 1 0.125 0.5 64 0.9337 0.641846552317021 2
"258" 6 1 0.125 0.4 4 0.9314 0.641844720649538 2
"259" 6 1 0.03125 0.3 128 0.9316 0.641842855954285 2
"260" 8 2 0.0078125 0.8 1024 0.9474 0.641818719279186 2
"261" 8 2 0.001953125 0.6 10000 0.9472 0.641809850964732 2
"262" 8 2 0.125 0.7 8 0.9478 0.641809578491288 2
"263" 8 2 0.00048828125 0.8 10000 0.9466 0.641796208707827 2
"264" 6 1 0.03125 0.3 16 0.931 0.641784395991775 2
"265" 8 2 0.125 0.7 64 0.9498 0.64176997895117 2
"266" 8 2 0.0078125 0.7 1024 0.9472 0.64175413590887 2
"267" 6 4 0.5 0.2 64 0.972 0.641740103511536 2
"268" 6 3 2 0.4 0.25 0.9549 0.641725210645898 2
"269" 8 1 0.5 0.7 64 0.94 0.641716989114084 2
"270" 6 3 0.5 0.5 4 0.9586 0.641713491079613 2
"271" 6 1 0.125 0.3 512 0.9342 0.641696690910856 2
"272" 8 1 0.0078125 0.9 1024 0.9318 0.641687164547352 2
"273" 6 3 0.5 0.3 64 0.9625 0.641679914018104 2
"274" 8 3 0.5 0.4 16 0.9625 0.641675863504003 2
"275" 8 2 0.0078125 0.8 10000 0.9482 0.641674801763868 2
"276" 5 3 0.125 0.6 128 0.9588 0.641659949905766 2
"277" 6 1 0.125 0.3 16 0.932 0.64165641917606 2
"278" 8 4 0.001953125 0.5 10000 0.9684 0.641652669475594 2
"279" 8 1 0.03125 0.8 64 0.932 0.641644439744831 2
"280" 8 1 0.125 0.9 4 0.9322 0.641619119451765 2
"281" 6 1 0.125 0.5 128 0.934 0.641617633960992 2
"282" 8 4 0.125 0.8 64 0.9709 0.641586487604219 2
"283" 8 4 0.125 0.4 8 0.9673 0.641565836950548 2
"284" 6 1 0.125 0.5 32 0.9332 0.64154941589535 2
"285" 8 3 0.03125 0.8 256 0.9582 0.64151924599225 2
"286" 6 1 0.0078125 0.4 1024 0.9315 0.641499258138268 2
"287" 6 1 0.03125 0.3 256 0.9318 0.6414905191258 2
"288" 8 1 0.03125 0.8 512 0.9337 0.641486929557562 2
"289" 8 3 0.5 0.4 2 0.9582 0.641484507878491 2
"290" 5 4 0.5 0.5 512 0.9754 0.641450249025561 2
"291" 8 2 0.001953125 0.7 10000 0.947 0.641406879597826 2
"292" 8 2 0.5 0.8 2 0.9492 0.641397449244504 2
"293" 8 1 0.0078125 0.8 1024 0.9317 0.641364243232932 2
"294" 8 2 0.0078125 0.7 10000 0.9485 0.641333209537667 2
"295" 7 3 0.5 0.6 256 0.9669 0.641313775859351 2
"296" 8 3 0.0078125 0.5 256 0.9559 0.641308342354665 2
"297" 6 1 0.125 0.3 2 0.9305 0.64127911827665 2
"298" 8 2 0.5 0.8 1 0.9477 0.641264335333008 2
"299" 8 1 0.125 0.4 4 0.9318 0.641249863017417 2
"300" 6 1 0.0078125 0.4 128 0.9309 0.641237004889179 2
"301" 8 1 0.0078125 0.5 1024 0.9318 0.641232430594958 2
"302" 8 4 0.125 0.5 8 0.9675 0.641226124943394 2
"303" 8 3 0.001953125 0.5 1024 0.9557 0.641225623002793 2
"304" 8 1 0.0078125 0.9 512 0.9315 0.641222738259864 2
"305" 8 2 0.5 0.7 2 0.9492 0.641220065089593 2
"306" 8 4 0.125 0.7 4 0.9655 0.641212125466085 2
"307" 8 1 0.5 0.8 64 0.9397 0.641209156463069 2
"308" 8 4 0.03125 0.7 512 0.9701 0.64120179715454 2
"309" 8 1 0.03125 0.8 1024 0.9343 0.641171731627826 2
"310" 6 1 0.0078125 0.4 256 0.9311 0.641130375410978 2
"311" 6 1 0.5 0.2 8 0.9333 0.641121225847168 2
"312" 8 3 0.03125 0.8 128 0.9576 0.641079384197859 2
"313" 8 1 0.125 0.6 4 0.9319 0.641072093031816 2
"314" 8 1 0.0078125 0.9 256 0.9313 0.641069229228128 2
"315" 6 3 0.5 0.3 32 0.9615 0.641065844268567 2
"316" 8 3 0.03125 0.7 128 0.9575 0.641026729174651 2
"317" 8 4 0.5 0.3 16 0.9719 0.641016191692025 2
"318" 6 1 0.5 0.7 32 0.936 0.641009811220013 2
"319" 8 2 0.03125 0.8 10000 0.9511 0.640946719758665 2
"320" 8 4 0.125 0.9 16 0.9693 0.640931942639739 2
"321" 8 1 0.125 0.6 64 0.9351 0.640931911651285 2
"322" 6 1 0.03125 0.3 64 0.9314 0.64093155952945 2
"323" 8 2 0.0078125 0.9 256 0.9469 0.640917804039336 2
"324" 8 3 0.5 0.4 256 0.967 0.640887605296737 2
"325" 7 2 0.5 0.9 256 0.9549 0.640845111335136 2
"326" 7 3 0.5 0.4 2 0.9573 0.640839131898285 2
"327" 8 2 0.03125 0.9 64 0.9474 0.640784861099212 2
"328" 7 3 0.03125 0.9 10000 0.96 0.640782916650916 2
"329" 8 1 0.125 0.5 16 0.9337 0.640779341389319 2
"330" 6 1 0.03125 0.4 8 0.9307 0.640740938563755 2
"331" 8 1 0.125 0.7 8 0.9328 0.640739449888215 2
"332" 6 1 0.125 0.2 4 0.9307 0.64073491730835 2
"333" 6 1 0.125 0.6 32 0.9331 0.640712794938018 2
"334" 3 2 0.5 0.8 10000 0.9501 0.640703297334153 2
"335" 6 1 0.5 0.5 8 0.9341 0.640665460233158 2
"336" 6 3 0.5 0.5 8 0.96 0.640630748945108 2
"337" 8 1 0.0078125 0.7 1024 0.9318 0.640614633244975 2
"338" 6 1 0.5 0.9 32 0.9357 0.640547116651774 2
"339" 8 2 0.125 0.9 1024 0.9528 0.640500922588624 2
"340" 8 4 0.125 0.4 64 0.9707 0.640497962091556 2
"341" 8 3 0.03125 0.3 1024 0.9591 0.640473237085013 2
"342" 6 1 0.0078125 0.4 64 0.9309 0.640452489178095 2
"343" 6 1 0.125 0.4 16 0.9325 0.640446441960285 2
"344" 8 1 0.125 0.5 4 0.9319 0.640438978431348 2
"345" 8 2 0.001953125 0.8 1024 0.9467 0.640438154708041 2
"346" 6 1 0.03125 0.4 1024 0.9331 0.640433818881534 2
"347" 8 3 0.001953125 0.8 10000 0.9567 0.640428944499157 2
"348" 6 1 0.0078125 0.4 512 0.9313 0.640418677450705 2
"349" 8 1 0.001953125 0.9 1024 0.9311 0.640411453385918 2
"350" 8 1 0.03125 0.3 128 0.9321 0.640401087621658 2
"351" 6 1 0.5 0.5 16 0.935 0.640399160003181 2
"352" 8 1 0.125 0.4 64 0.935 0.640382734034143 2
"353" 5 3 2 0.6 64 0.9715 0.640370741632972 2
"354" 8 2 0.001953125 0.8 10000 0.947 0.640368568342289 2
"355" 8 4 0.03125 0.3 256 0.969 0.640354313405711 2
"356" 8 2 0.0078125 0.9 1024 0.9473 0.640353956499835 2
"357" 8 2 0.125 0.6 16 0.9485 0.640351909886852 2
"358" 6 3 0.125 0.8 64 0.9585 0.640343389424349 2
"359" 8 4 0.03125 0.6 1024 0.9705 0.640321362251217 2
"360" 7 3 0.5 0.3 8 0.96 0.640317998808728 2
"361" 8 1 0.0078125 0.9 128 0.9312 0.640287804627575 2
"362" 6 3 0.5 0.4 2 0.9568 0.640283567146457 2
"363" 6 1 0.001953125 0.4 1024 0.9309 0.640261054546517 2
"364" 8 2 0.0078125 0.7 512 0.947 0.640245530037053 2
"365" 8 3 0.03125 0.4 128 0.9571 0.64023648565571 2
"366" 6 1 0.03125 0.2 16 0.9306 0.640217310305143 2
"367" 6 1 0.5 0.4 8 0.9342 0.640209491915937 2
"368" 8 3 0.125 0.9 1024 0.9627 0.640201240846471 2
"369" 6 1 0.001953125 0.4 512 0.9308 0.640200623835778 2
"370" 8 1 0.5 0.6 64 0.9399 0.640183091768732 2
"371" 6 1 0.125 0.5 2 0.9307 0.640179530511693 2
"372" 8 1 0.03125 0.5 256 0.9333 0.640179078761505 2
"373" 8 2 0.125 0.8 256 0.9515 0.640177350577679 2
"374" 8 2 0.001953125 0.7 1024 0.9465 0.640172835598335 2
"375" 8 2 0.125 0.8 8 0.9477 0.640170830898263 2
"376" 8 2 0.0078125 0.8 512 0.9471 0.640163224914865 2
"377" 8 2 0.03125 0.8 32 0.9469 0.640141509226872 2
"378" 6 3 0.03125 0.6 1024 0.9582 0.640140087556086 2
"379" 5 2 0.5 0.8 8 0.9496 0.64009474731665 2
"380" 6 3 0.03125 0.7 10000 0.9593 0.640089037259779 2
"381" 8 4 0.5 0.6 0.5 0.9605 0.640085124062522 2
"382" 7 3 2 0.4 2 0.9646 0.640055422906987 2
"383" 8 3 0.0078125 0.9 1024 0.957 0.640048234929714 2
"384" 6 1 0.03125 0.4 128 0.9318 0.640048123154564 2
"385" 8 2 0.00048828125 0.7 10000 0.9466 0.640041500980081 2
"386" 8 2 0.03125 0.7 64 0.9473 0.64003181315772 2
"387" 6 1 0.125 0.6 64 0.9335 0.640030063099149 2
"388" 8 4 0.125 0.8 8 0.9678 0.640015396013143 2
"389" 8 2 0.03125 0.7 10000 0.9512 0.639982020082339 2
"390" 8 1 0.5 0.4 8 0.9365 0.639970503866267 2
"391" 6 1 0.001953125 0.4 256 0.9308 0.639962403033073 2
"392" 8 2 0.125 0.9 8 0.9477 0.639953143618964 2
"393" 6 1 0.03125 0.4 512 0.9326 0.639947539744556 2
"394" 8 2 0.0078125 0.9 512 0.9472 0.639935964607601 2
"395" 8 1 0.03125 0.9 16 0.9312 0.63993250741957 2
"396" 6 3 0.5 0.5 512 0.9668 0.639919223980928 2
"397" 5 3 0.5 0.8 512 0.9649 0.639917446322261 2
"398" 7 1 0.5 0.5 8 0.9351 0.639898699774295 2
"399" 8 1 0.125 0.9 8 0.9328 0.63988641189872 2
"400" 8 2 0.001953125 0.9 10000 0.947 0.639880948165112 2
"401" 6 1 0.00048828125 0.4 10000 0.9309 0.63986872399898 2
"402" 8 3 0.00048828125 0.4 10000 0.956 0.63984643584729 2
"403" 6 3 0.125 0.6 256 0.9597 0.63981721314114 2
"404" 8 1 0.001953125 0.9 512 0.9311 0.639786765771106 2
"405" 6 1 0.125 0.5 16 0.9327 0.639786683812613 2
"406" 6 4 0.5 0.5 64 0.9738 0.639774938664485 2
"407" 6 1 0.03125 0.4 64 0.9315 0.639767796243027 2
"408" 8 2 0.001953125 0.9 1024 0.9467 0.639744998665891 2
"409" 8 3 0.125 0.4 512 0.9621 0.639740590022876 2
"410" 8 1 0.125 0.3 2 0.9306 0.639736208825987 2
"411" 6 3 0.125 0.5 128 0.9591 0.639708087698688 2
"412" 6 1 0.0078125 0.3 64 0.9309 0.63970628110598 2
"413" 6 1 0.5 0.4 4 0.9337 0.639705308568144 2
"414" 8 1 0.0078125 0.7 10000 0.9332 0.639701577551408 2
"415" 8 1 0.0078125 0.5 512 0.9314 0.639698768336222 2
"416" 8 1 0.03125 0.3 32 0.9314 0.639688751207497 2
"417" 8 2 0.00048828125 0.9 10000 0.9466 0.639688102113386 2
"418" 8 3 0.0078125 0.4 1024 0.9569 0.639653758120837 2
"419" 6 4 0.125 0.2 512 0.9704 0.639649831115135 2
"420" 6 3 2 0.5 0.25 0.9554 0.6396287101504 2
"421" 8 4 0.125 0.7 2 0.9616 0.639620922217415 2
"422" 5 1 0.5 0.2 32 0.9335 0.639618850313391 2
"423" 8 3 0.03125 0.6 512 0.9588 0.639612871250297 2
"424" 6 4 0.5 0.5 32 0.9729 0.639585915133088 2
"425" 8 3 0.03125 0.9 128 0.9575 0.639584829235596 2
"426" 7 3 0.125 0.5 16 0.9574 0.639580035935267 2
"427" 5 2 0.5 0.8 16 0.9503 0.639574852968709 2
"428" 8 2 0.001953125 0.8 512 0.9464 0.639570574794872 2
"429" 6 1 0.125 0.5 4 0.9312 0.639570527252357 2
"430" 8 1 0.03125 0.7 64 0.9319 0.639560143384267 2
"431" 8 4 0.03125 0.3 32 0.9657 0.639534963614417 2
"432" 7 3 2 0.5 4 0.9674 0.639531300215424 2
"433" 6 1 0.5 0.5 4 0.9336 0.639517164755685 2
"434" 8 4 0.125 0.5 32 0.97 0.639501231060519 2
"435" 7 1 0.5 0.9 16 0.9363 0.639480125211441 2
"436" 8 1 0.03125 0.5 32 0.9313 0.63947079997744 2
"437" 6 1 0.001953125 0.3 256 0.9308 0.639451675918623 2
"438" 6 1 0.03125 0.8 256 0.9322 0.639433772567488 2
"439" 8 4 0.03125 0.3 1024 0.97 0.639431458783401 2
"440" 6 3 0.125 0.5 256 0.9596 0.639427836648875 2
"441" 6 1 0.125 0.4 2 0.9307 0.639412896315895 2
"442" 6 1 0.0078125 0.9 512 0.9312 0.63939736797981 2
"443" 8 1 0.125 0.9 16 0.9335 0.639394728846576 2
"444" 8 4 0.03125 0.3 128 0.9682 0.639394184900427 2
"445" 6 1 0.0078125 0.4 32 0.9307 0.639392402621984 2
"446" 8 2 0.0078125 0.8 128 0.9465 0.639383346604937 2
"447" 6 3 0.125 0.5 64 0.9586 0.639370332818224 2
"448" 8 1 0.0078125 0.8 512 0.9315 0.639366828476388 2
"449" 8 4 0.03125 0.2 32 0.9652 0.639357004897682 2
"450" 8 1 0.001953125 0.9 10000 0.9311 0.639355570467172 2
"451" 6 1 0.00048828125 0.3 1024 0.9308 0.639329426437074 2
"452" 7 2 0.03125 0.1 10000 0.9475 0.639323114283022 2
"453" 8 3 0.03125 0.3 512 0.9584 0.639317145113035 2
"454" 8 2 0.125 0.7 4 0.9469 0.639311432844165 2
"455" 7 3 2 0.6 2 0.9655 0.639302687117655 2
"456" 7 3 0.5 0.3 16 0.9612 0.639301695281608 2
"457" 8 3 0.0078125 0.8 256 0.9561 0.639284395145952 2
"458" 8 2 0.03125 0.7 16 0.9463 0.639275290685023 2
"459" 6 3 0.03125 0.5 10000 0.9591 0.639242535155462 2
"460" 8 3 0.5 0.4 32 0.9635 0.639238302689197 2
"461" 8 2 0.5 0.4 2 0.9487 0.639231456711332 2
"462" 8 1 0.125 0.8 16 0.9337 0.639207283309695 2
"463" 8 1 0.125 0.4 128 0.9357 0.639205272040756 2
"464" 8 4 0.125 0.3 16 0.9683 0.639200689814348 2
"465" 8 2 0.125 0.7 128 0.9507 0.639191516393427 2
"466" 8 1 0.125 0.3 16 0.933 0.639187469952731 2
"467" 5 3 0.5 0.7 1024 0.9663 0.639182275672774 2
"468" 8 2 0.001953125 0.7 512 0.9463 0.639164131295408 2
"469" 8 1 0.03125 0.6 128 0.9323 0.639121439979337 2
"470" 8 1 0.5 0.6 256 0.9423 0.639108750273686 2
"471" 6 3 0.125 0.5 16 0.9571 0.639086046000714 2
"472" 6 1 0.125 0.3 1024 0.9349 0.639081447142931 2
"473" 8 4 0.125 0.7 8 0.9679 0.63907558821445 2
"474" 8 3 0.00048828125 0.8 10000 0.956 0.639055821423327 2
"475" 8 2 0.125 0.4 64 0.9499 0.638988930354544 2
"476" 6 1 0.03125 0.4 256 0.9321 0.638985980782272 2
"477" 6 1 0.125 0.2 1024 0.9343 0.63895661917617 2
"478" 8 4 0.03125 0.6 512 0.9699 0.638952924216517 2
"479" 8 1 0.03125 0.3 64 0.9317 0.638949461536699 2
"480" 8 1 0.125 0.6 2 0.931 0.638923162659464 2
"481" 8 1 0.0078125 0.9 64 0.931 0.638916953855478 2
"482" 8 2 0.001953125 0.9 512 0.9464 0.638916512011813 2
"483" 8 4 0.03125 0.7 16 0.9649 0.638902060714071 2
"484" 8 3 0.0078125 0.6 1024 0.957 0.638895158383272 2
"485" 8 2 0.5 0.4 4 0.9506 0.638893293653511 2
"486" 8 3 0.001953125 0.8 1024 0.9558 0.638867232198228 2
"487" 8 1 0.0078125 0.7 512 0.9314 0.638865691614393 2
"488" 6 1 0.0078125 0.3 128 0.931 0.6388528105485 2
"489" 6 1 0.03125 0.9 128 0.9317 0.638838770413977 2
"490" 7 3 2 0.3 2 0.964 0.638836712754727 2
"491" 8 1 0.03125 0.8 32 0.9315 0.638826390652165 2
"492" 6 1 2 0.7 1 0.9361 0.63880868409288 2
"493" 8 4 0.001953125 0.6 512 0.9661 0.638799313147225 2
"494" 8 3 0.5 0.4 128 0.9656 0.638798619666757 2
"495" 8 4 0.125 0.9 64 0.9709 0.638796146804051 2
"496" 8 2 0.5 0.7 1 0.9476 0.63879351204818 2
"497" 6 1 0.03125 0.2 32 0.9308 0.638782468482443 2
"498" 8 4 0.0078125 0.7 64 0.9646 0.638756869645373 2
"499" 8 4 0.5 0.4 2 0.9684 0.638749237829596 2
"500" 6 1 0.0078125 0.9 256 0.9312 0.638726030051135 2
