"MABP" "CBFV" "gamma" "nu" "cost" "train.cor" "test.cor" "fold"
"1" 4 1 0.0078125 0.1 512 0.9081 0.653790933901905 1
"2" 4 3 0.001953125 0.1 1024 0.9131 0.650216438927082 1
"3" 4 4 0.0078125 0.1 512 0.918 0.649803027563476 1
"4" 4 4 0.001953125 0.1 1024 0.9144 0.649613001858658 1
"5" 4 4 0.0078125 0.1 256 0.9146 0.648635100824388 1
"6" 4 2 0.001953125 0.1 1024 0.9134 0.647923474815694 1
"7" 4 4 0.03125 0.1 64 0.9166 0.647533709496188 1
"8" 4 2 0.00048828125 0.1 10000 0.9151 0.647380899719258 1
"9" 4 1 0.001953125 0.1 10000 0.9094 0.647317667374256 1
"10" 4 4 0.001953125 0.1 10000 0.9204 0.64529778071874 1
"11" 4 1 0.03125 0.1 64 0.9075 0.644659793901184 1
"12" 4 3 0.0078125 0.1 256 0.9135 0.643876695956422 1
"13" 5 1 0.001953125 0.1 10000 0.9091 0.643043408641099 1
"14" 4 1 0.03125 0.1 128 0.9094 0.642828938229709 1
"15" 4 2 0.0078125 0.1 256 0.9136 0.641710723127887 1
"16" 4 2 0.001953125 0.1 10000 0.9169 0.640892440004156 1
"17" 4 1 0.0078125 0.1 256 0.9062 0.640759835177455 1
"18" 4 2 0.03125 0.1 32 0.9098 0.640630814281349 1
"19" 4 3 0.03125 0.1 32 0.9095 0.63998594971906 1
"20" 4 3 0.001953125 0.2 10000 0.9195 0.63883757335306 1
"21" 4 1 0.00048828125 0.3 10000 0.9096 0.638551221967418 1
"22" 5 1 0.0078125 0.1 1024 0.9096 0.638323984400372 1
"23" 4 1 0.001953125 0.2 512 0.9076 0.637154061281108 1
"24" 8 1 0.00048828125 0.4 1024 0.9073 0.637005923266081 1
"25" 4 1 0.001953125 0.6 10000 0.9119 0.636620254186095 1
"26" 4 2 0.125 0.1 8 0.9101 0.636433645855521 1
"27" 4 2 0.001953125 0.2 10000 0.9177 0.636302019411032 1
"28" 8 4 0.00048828125 0.2 10000 0.9188 0.636100385970641 1
"29" 4 1 0.00048828125 0.2 512 0.9045 0.63591683235507 1
"30" 4 1 0.00048828125 0.2 1024 0.9055 0.635750329198714 1
"31" 4 1 0.001953125 0.2 128 0.9045 0.635671191291904 1
"32" 7 4 0.00048828125 0.2 10000 0.9188 0.635598559489019 1
"33" 4 1 0.001953125 0.2 256 0.9056 0.635496527057841 1
"34" 4 2 0.0078125 0.1 512 0.915 0.635111912228142 1
"35" 4 3 0.125 0.1 8 0.9103 0.63500900871799 1
"36" 4 1 0.03125 0.2 64 0.9099 0.634856177447431 1
"37" 8 2 0.00048828125 0.7 1024 0.9161 0.63481897382132 1
"38" 5 1 0.03125 0.1 64 0.9088 0.634756541974545 1
"39" 8 3 0.0078125 0.2 1024 0.9186 0.63465074539002 1
"40" 4 4 0.0078125 0.1 1024 0.9204 0.634586811353634 1
"41" 8 2 0.00048828125 0.9 1024 0.915 0.634556011454739 1
"42" 8 3 0.00048828125 0.6 1024 0.9159 0.634381225925624 1
"43" 8 2 0.00048828125 0.8 256 0.9066 0.634379634016781 1
"44" 4 1 0.0078125 0.2 512 0.91 0.634378710050269 1
"45" 8 4 0.00048828125 0.3 1024 0.9163 0.634354727013958 1
"46" 4 1 0.0078125 0.2 32 0.9046 0.634311749787646 1
"47" 8 3 0.00048828125 0.8 256 0.9068 0.634299721322793 1
"48" 8 4 0.001953125 0.2 1024 0.9183 0.634225563279582 1
"49" 4 2 0.0078125 0.2 512 0.9171 0.634206827718571 1
"50" 4 1 0.00048828125 0.4 10000 0.9097 0.634185594421777 1
"51" 8 2 0.00048828125 0.6 1024 0.9157 0.634146467803079 1
"52" 8 2 0.00048828125 0.9 512 0.9125 0.634096624149243 1
"53" 8 1 0.00048828125 0.4 512 0.9062 0.634091378023915 1
"54" 8 3 0.00048828125 0.9 512 0.913 0.634088041723085 1
"55" 4 1 0.0078125 0.2 128 0.9075 0.634071728946777 1
"56" 8 4 0.00048828125 0.4 512 0.9128 0.634005006703959 1
"57" 4 3 0.00048828125 0.1 10000 0.9152 0.633973529219764 1
"58" 8 3 0.0078125 0.2 512 0.9175 0.633966868551376 1
"59" 8 3 0.00048828125 0.7 1024 0.9162 0.633951144757474 1
"60" 4 3 0.0078125 0.2 1024 0.9194 0.633896753881893 1
"61" 5 1 0.03125 0.1 32 0.9073 0.633872640415775 1
"62" 4 1 0.0078125 0.2 256 0.9089 0.633864548164826 1
"63" 8 3 0.001953125 0.8 64 0.9068 0.63384436533367 1
"64" 8 1 0.00048828125 0.8 128 0.8987 0.633825432439948 1
"65" 5 4 0.0078125 0.1 64 0.9039 0.633794716989651 1
"66" 6 4 0.001953125 0.1 10000 0.9205 0.633756422490484 1
"67" 8 4 0.00048828125 0.9 1024 0.9164 0.633739803780803 1
"68" 8 3 0.001953125 0.2 10000 0.9185 0.633733707721703 1
"69" 8 1 0.00048828125 0.5 256 0.9046 0.633727920339917 1
"70" 8 4 0.00048828125 0.9 256 0.9062 0.63369319032303 1
"71" 8 1 0.00048828125 0.9 128 0.8994 0.633663268717337 1
"72" 8 1 0.001953125 0.8 32 0.8986 0.633642534038034 1
"73" 4 4 0.00048828125 0.1 10000 0.9181 0.633623475073917 1
"74" 8 1 0.00048828125 0.8 256 0.904 0.633611080444374 1
"75" 8 2 0.001953125 0.8 64 0.9065 0.633574454930095 1
"76" 4 3 0.125 0.1 16 0.9153 0.633568809106963 1
"77" 8 3 0.00048828125 0.8 1024 0.916 0.633515726006375 1
"78" 8 1 0.00048828125 0.9 256 0.903 0.63348887745598 1
"79" 5 2 0.03125 0.1 16 0.9039 0.63347298773405 1
"80" 8 2 0.0078125 0.2 256 0.9162 0.633462313343208 1
"81" 8 2 0.00048828125 0.9 128 0.8964 0.633429485561082 1
"82" 8 2 0.00048828125 0.5 256 0.9054 0.633414789441914 1
"83" 4 1 0.03125 0.2 128 0.9116 0.633410305363828 1
"84" 8 3 0.00048828125 0.5 256 0.9055 0.633395146027631 1
"85" 8 1 0.001953125 0.9 32 0.8997 0.63338082456703 1
"86" 8 3 0.001953125 0.9 128 0.9129 0.633357660567821 1
"87" 5 1 0.03125 0.1 128 0.9103 0.633352339342341 1
"88" 8 2 0.00048828125 0.8 64 0.8841 0.633348651861751 1
"89" 8 4 0.00048828125 0.7 128 0.8978 0.633333473625707 1
"90" 8 1 0.00048828125 0.5 512 0.907 0.63331420420625 1
"91" 8 2 0.001953125 0.9 128 0.9125 0.633286352926053 1
"92" 8 2 0.001953125 0.5 64 0.9055 0.633282549600233 1
"93" 8 4 0.00048828125 0.8 128 0.8968 0.633255695600564 1
"94" 8 3 0.00048828125 0.4 256 0.9028 0.63324481650877 1
"95" 8 2 0.00048828125 0.8 128 0.8963 0.633226779348101 1
"96" 8 4 0.001953125 0.9 64 0.9062 0.633222036879911 1
"97" 8 1 0.001953125 0.5 64 0.9047 0.633203738793122 1
"98" 8 3 0.00048828125 0.8 64 0.8827 0.63318764925609 1
"99" 8 2 0.001953125 0.8 16 0.8843 0.63318607221072 1
"100" 8 4 0.00048828125 0.4 1024 0.9155 0.633176507965772 1
"101" 8 3 0.00048828125 0.9 256 0.905 0.633175591124124 1
"102" 8 2 0.00048828125 0.9 256 0.9053 0.633163515680538 1
"103" 8 3 0.00048828125 0.6 128 0.8975 0.63313184600122 1
"104" 8 2 0.00048828125 0.6 128 0.8973 0.633104238824583 1
"105" 8 3 0.00048828125 0.4 512 0.9104 0.633085795470215 1
"106" 8 3 0.00048828125 0.5 1024 0.9149 0.633064747072809 1
"107" 8 2 0.001953125 0.9 32 0.8961 0.633046008641921 1
"108" 8 3 0.03125 0.2 32 0.9168 0.633036527387965 1
"109" 8 3 0.00048828125 0.8 512 0.9125 0.63303051326531 1
"110" 8 4 0.001953125 0.7 32 0.8978 0.633013747462228 1
"111" 8 2 0.0078125 0.2 128 0.9156 0.632995701190991 1
"112" 8 2 0.00048828125 0.7 128 0.8963 0.63299426682766 1
"113" 4 1 0.00048828125 0.5 10000 0.9099 0.632987765688348 1
"114" 8 1 0.00048828125 0.7 128 0.8995 0.632975991809657 1
"115" 8 4 0.00048828125 0.9 128 0.8963 0.632975144875935 1
"116" 8 3 0.001953125 0.8 32 0.8963 0.632965218888214 1
"117" 8 1 0.001953125 0.9 64 0.9031 0.632954973690341 1
"118" 8 2 0.001953125 0.9 64 0.9053 0.632949221546268 1
"119" 8 3 0.001953125 0.8 16 0.8828 0.632931107348033 1
"120" 8 2 0.00048828125 0.6 256 0.9068 0.632918954160644 1
"121" 8 3 0.00048828125 0.8 128 0.8963 0.632909838348873 1
"122" 8 4 0.00048828125 0.8 64 0.8833 0.63290937106927 1
"123" 8 3 0.0078125 0.2 256 0.9165 0.632908342385374 1
"124" 8 3 0.00048828125 0.9 1024 0.9148 0.632903474053028 1
"125" 8 3 0.00048828125 0.7 128 0.8964 0.632894553888147 1
"126" 8 1 0.001953125 0.4 128 0.9063 0.632890311952219 1
"127" 8 4 0.00048828125 0.6 256 0.9084 0.632886302443835 1
"128" 8 3 0.001953125 0.5 64 0.9055 0.632885750179952 1
"129" 8 1 0.00048828125 0.6 128 0.9015 0.632876531045382 1
"130" 8 2 0.001953125 0.9 256 0.915 0.632871525548605 1
"131" 8 4 0.001953125 0.9 32 0.8965 0.632853685013762 1
"132" 8 3 0.001953125 0.9 64 0.9051 0.632843511078124 1
"133" 5 3 0.0078125 0.1 128 0.9101 0.632842090561665 1
"134" 8 1 0.001953125 0.8 64 0.9041 0.632826484929032 1
"135" 8 4 0.001953125 0.8 32 0.8968 0.632824034065357 1
"136" 5 3 0.0078125 0.1 64 0.9035 0.632819674751694 1
"137" 8 3 0.001953125 0.4 64 0.9029 0.632813051650456 1
"138" 4 1 0.125 0.1 8 0.907 0.632770591574802 1
"139" 8 2 0.001953125 0.6 32 0.8974 0.632765139544541 1
"140" 8 2 0.001953125 0.8 32 0.8965 0.6327501449165 1
"141" 4 1 0.03125 0.1 32 0.9055 0.632744041809529 1
"142" 8 3 0.001953125 0.6 32 0.8975 0.632720347979747 1
"143" 8 4 0.001953125 0.8 16 0.8833 0.632699481919452 1
"144" 8 1 0.001953125 0.6 32 0.9015 0.632623990363761 1
"145" 8 3 0.00048828125 0.9 64 0.8809 0.632620380122023 1
"146" 8 4 0.00048828125 0.9 512 0.9136 0.632611435234663 1
"147" 8 2 0.001953125 0.7 32 0.8966 0.6325570896291 1
"148" 8 1 0.001953125 0.7 32 0.8995 0.632542819698978 1
"149" 8 3 0.00048828125 0.3 1024 0.9148 0.63252088491582 1
"150" 8 1 0.00048828125 0.4 256 0.9036 0.632503924545097 1
"151" 8 3 0.001953125 0.9 16 0.881 0.632483855371444 1
"152" 8 2 0.00048828125 0.9 64 0.8814 0.632468124331589 1
"153" 4 1 0.0078125 0.2 64 0.9056 0.632462286773211 1
"154" 8 4 0.00048828125 0.6 128 0.8982 0.632461083155158 1
"155" 8 4 0.00048828125 0.9 64 0.8807 0.632445716819903 1
"156" 8 3 0.001953125 0.7 32 0.8964 0.632419316342532 1
"157" 8 4 0.001953125 0.9 16 0.8807 0.632415143193168 1
"158" 8 4 0.00048828125 0.4 256 0.9044 0.632409149282549 1
"159" 8 1 0.00048828125 0.9 64 0.8916 0.632405929348216 1
"160" 8 2 0.00048828125 0.8 512 0.9124 0.632363772216522 1
"161" 8 2 0.001953125 0.9 16 0.8815 0.632355510057761 1
"162" 8 3 0.001953125 0.9 32 0.8966 0.632328877728817 1
"163" 4 4 0.00048828125 0.5 1024 0.9162 0.632312291752445 1
"164" 8 2 0.00048828125 0.4 256 0.903 0.632298098723631 1
"165" 8 3 0.00048828125 0.4 1024 0.9143 0.632275035106253 1
"166" 8 2 0.001953125 0.2 1024 0.9159 0.632274328575832 1
"167" 8 3 0.00048828125 0.7 64 0.8833 0.632251738805969 1
"168" 4 2 0.00048828125 0.2 512 0.9071 0.632251444216127 1
"169" 8 4 0.00048828125 0.3 64 0.8736 0.632242608158392 1
"170" 8 2 0.001953125 0.5 32 0.8962 0.632239365190469 1
"171" 8 4 0.001953125 0.6 32 0.8981 0.632226121316124 1
"172" 8 2 0.03125 0.2 32 0.9159 0.632225545929786 1
"173" 8 2 0.001953125 0.6 64 0.9069 0.632222766527167 1
"174" 8 4 0.001953125 0.3 128 0.9115 0.632213482709775 1
"175" 8 3 0.00048828125 0.8 32 0.8675 0.632209044405036 1
"176" 8 4 0.001953125 0.3 16 0.8737 0.632201665257804 1
"177" 8 4 0.001953125 0.6 64 0.9085 0.632198465667676 1
"178" 8 4 0.00048828125 0.8 256 0.9077 0.632197815176543 1
"179" 8 1 0.001953125 0.9 16 0.8916 0.632182628066588 1
"180" 8 4 0.001953125 0.4 64 0.9047 0.632157905174841 1
"181" 8 4 0.00048828125 0.5 128 0.8969 0.632154217991818 1
"182" 8 1 0.00048828125 0.4 128 0.9 0.632136140831724 1
"183" 8 2 0.001953125 0.4 64 0.903 0.63212872651144 1
"184" 8 3 0.001953125 0.2 1024 0.9165 0.632105326942172 1
"185" 8 1 0.001953125 0.4 64 0.9037 0.632102352030916 1
"186" 8 1 0.00048828125 0.3 128 0.8966 0.63208495761113 1
"187" 8 4 0.00048828125 0.7 64 0.8839 0.632081188378443 1
"188" 8 3 0.001953125 0.8 8 0.8673 0.632052940249769 1
"189" 8 2 0.00048828125 0.7 64 0.8845 0.632048852974302 1
"190" 8 1 0.001953125 0.4 32 0.9 0.632033537825155 1
"191" 8 3 0.001953125 0.7 16 0.8832 0.632010560070345 1
"192" 8 2 0.00048828125 0.4 128 0.8933 0.632004214384688 1
"193" 8 3 0.00048828125 0.9 32 0.8671 0.631979867625079 1
"194" 8 3 0.00048828125 0.9 128 0.8968 0.631975189790321 1
"195" 8 2 0.0078125 0.8 4 0.8839 0.631974637864207 1
"196" 8 4 0.00048828125 0.9 32 0.8672 0.631958063656764 1
"197" 8 3 0.00048828125 0.6 256 0.9069 0.631949820116585 1
"198" 8 4 0.00048828125 0.8 32 0.8676 0.631914505755378 1
"199" 8 2 0.00048828125 0.5 128 0.8961 0.631885787597257 1
"200" 5 1 0.03125 0.1 16 0.9053 0.631842950572637 1
"201" 8 2 0.001953125 0.2 512 0.9152 0.631842087761594 1
"202" 8 4 0.00048828125 0.7 256 0.9081 0.631837874686378 1
"203" 8 4 0.001953125 0.7 16 0.884 0.631830875143884 1
"204" 8 2 0.001953125 0.3 64 0.901 0.631825484145848 1
"205" 8 4 0.00048828125 0.8 512 0.9132 0.63182022303253 1
"206" 8 1 0.001953125 0.3 32 0.8965 0.631815418970798 1
"207" 8 3 0.001953125 0.9 8 0.8669 0.631808676901907 1
"208" 8 4 0.0078125 0.8 8 0.897 0.631799149576864 1
"209" 8 4 0.0078125 0.3 4 0.8739 0.63177650981867 1
"210" 8 1 0.0078125 0.8 8 0.8992 0.631773641627507 1
"211" 8 2 0.001953125 0.4 32 0.8932 0.631770284270451 1
"212" 8 4 0.001953125 0.8 8 0.8675 0.631764256774719 1
"213" 8 4 0.001953125 0.5 32 0.8967 0.631761979313777 1
"214" 8 4 0.001953125 0.3 256 0.9163 0.631759832306714 1
"215" 8 3 0.001953125 0.5 32 0.8953 0.631758379244408 1
"216" 8 4 0.00048828125 0.3 512 0.9114 0.631757954923206 1
"217" 8 4 0.0078125 0.9 4 0.881 0.631748514623643 1
"218" 8 2 0.00048828125 0.3 256 0.9009 0.631746383849968 1
"219" 8 2 0.00048828125 0.4 512 0.9111 0.631743092777812 1
"220" 8 1 0.0078125 0.9 8 0.8996 0.631740143726283 1
"221" 8 2 0.00048828125 0.6 512 0.9122 0.63173823209748 1
"222" 5 1 0.00048828125 0.4 1024 0.9078 0.63172878565115 1
"223" 8 4 0.00048828125 0.3 256 0.9014 0.631725495851149 1
"224" 8 4 0.0078125 0.8 4 0.884 0.631714195568444 1
"225" 8 4 0.001953125 0.9 256 0.9168 0.631712055361229 1
"226" 4 2 0.0078125 0.2 1024 0.9178 0.631697960444185 1
"227" 8 3 0.00048828125 0.3 64 0.8741 0.631690526308581 1
"228" 8 3 0.0078125 0.8 2 0.8678 0.631689883499657 1
"229" 8 2 0.001953125 0.7 16 0.8844 0.631678922743335 1
"230" 8 4 0.001953125 0.9 8 0.8669 0.631675142377064 1
"231" 8 3 0.00048828125 0.5 128 0.8951 0.631671301935939 1
"232" 8 3 0.001953125 0.3 16 0.8742 0.631656913771883 1
"233" 8 2 0.00048828125 0.3 128 0.8896 0.631650058929427 1
"234" 8 3 0.0078125 0.9 4 0.8811 0.631644755874026 1
"235" 4 2 0.001953125 0.2 128 0.9071 0.631628715093248 1
"236" 8 3 0.0078125 0.8 4 0.8833 0.631613620544601 1
"237" 8 3 0.00048828125 0.3 256 0.9015 0.631599621827791 1
"238" 8 2 0.0078125 0.5 8 0.8964 0.631565636517354 1
"239" 8 3 0.0078125 0.8 8 0.8965 0.631562479962206 1
"240" 4 1 0.125 0.1 32 0.9103 0.631518653300731 1
"241" 8 4 0.0078125 0.9 8 0.8969 0.631514883066433 1
"242" 8 2 0.0078125 0.9 4 0.8816 0.631509006045934 1
"243" 8 1 0.00048828125 0.6 256 0.9038 0.63150381383828 1
"244" 8 2 0.001953125 0.9 8 0.8679 0.631496436508844 1
"245" 8 3 0.00048828125 0.3 512 0.909 0.631488821162236 1
"246" 8 1 0.001953125 0.8 16 0.8884 0.631484637742552 1
"247" 8 2 0.0078125 0.8 8 0.8965 0.631476693843635 1
"248" 8 4 0.0078125 0.7 8 0.8978 0.631469871515509 1
"249" 8 2 0.001953125 0.3 32 0.8897 0.631466912874355 1
"250" 8 1 0.00048828125 0.3 512 0.9069 0.631465253952232 1
"251" 8 4 0.001953125 0.9 128 0.9138 0.631462137605918 1
"252" 8 4 0.0078125 0.8 2 0.8672 0.631421073102103 1
"253" 8 2 0.00048828125 0.9 32 0.8676 0.631409800290761 1
"254" 8 3 0.00048828125 0.6 512 0.9123 0.631407563830068 1
"255" 4 1 0.00048828125 0.9 1024 0.9071 0.63136666419165 1
"256" 8 3 0.0078125 0.5 8 0.8957 0.631358715739707 1
"257" 8 3 0.0078125 0.9 2 0.8669 0.631342693421872 1
"258" 8 1 0.00048828125 0.6 512 0.9054 0.631316726610223 1
"259" 8 3 0.0078125 0.3 4 0.8742 0.631292691573574 1
"260" 8 3 0.00048828125 0.2 1024 0.9127 0.63129203905571 1
"261" 8 1 0.00048828125 0.8 64 0.8882 0.631279176682655 1
"262" 4 1 0.001953125 0.2 1024 0.9088 0.631271950285237 1
"263" 8 1 0.00048828125 0.4 64 0.8879 0.631269644033296 1
"264" 8 3 0.001953125 0.8 128 0.9126 0.631262389950179 1
"265" 8 2 0.0078125 0.9 8 0.8964 0.631255744088117 1
"266" 8 1 0.0078125 0.9 4 0.8919 0.631252366808824 1
"267" 8 1 0.001953125 0.7 16 0.8891 0.631234962588207 1
"268" 8 1 0.001953125 0.5 32 0.8991 0.631221626700642 1
"269" 4 1 0.00048828125 0.9 10000 0.9098 0.631215964822456 1
"270" 8 4 0.001953125 0.3 64 0.9014 0.631208819660052 1
"271" 8 4 0.0078125 0.9 2 0.867 0.631182835072886 1
"272" 8 1 0.00048828125 0.5 128 0.8991 0.631167335586685 1
"273" 8 1 0.001953125 0.4 16 0.8879 0.631160982310004 1
"274" 8 2 0.00048828125 0.5 1024 0.9144 0.631132420278404 1
"275" 4 3 0.0078125 0.1 512 0.9154 0.631122783182885 1
"276" 8 3 0.0078125 0.2 128 0.9159 0.631110926513028 1
"277" 4 4 0.001953125 0.5 256 0.9163 0.631103004902126 1
"278" 8 4 0.00048828125 0.3 128 0.8885 0.631059040478431 1
"279" 8 1 0.0078125 0.6 8 0.9016 0.631058659691329 1
"280" 8 1 0.00048828125 0.7 64 0.889 0.631046780194557 1
"281" 4 1 0.001953125 0.9 1024 0.9093 0.631043596195084 1
"282" 8 4 0.00048828125 0.6 1024 0.9186 0.631017259950268 1
"283" 8 1 0.0078125 0.7 8 0.8994 0.631014160668109 1
"284" 8 2 0.0078125 0.3 8 0.8896 0.630990435719445 1
"285" 5 1 0.00048828125 0.3 1024 0.9074 0.630978824658876 1
"286" 8 4 0.00048828125 0.4 128 0.8928 0.630971069696734 1
"287" 8 4 0.001953125 0.8 64 0.9078 0.630956626121074 1
"288" 8 3 0.001953125 0.8 256 0.916 0.630949506383102 1
"289" 8 4 0.001953125 0.4 32 0.8927 0.630936182364252 1
"290" 8 2 0.00048828125 0.7 512 0.9134 0.6309346124647 1
"291" 8 3 0.00048828125 0.7 512 0.9134 0.630930577770878 1
"292" 8 3 0.0078125 0.7 4 0.8836 0.630927697878228 1
"293" 8 4 0.001953125 0.3 32 0.8886 0.6309190687119 1
"294" 8 2 0.00048828125 0.8 1024 0.9154 0.630907983770424 1
"295" 8 2 0.0078125 0.7 4 0.8845 0.630839213206777 1
"296" 8 2 0.0078125 0.4 8 0.8933 0.630812423196012 1
"297" 8 2 0.0078125 0.9 2 0.8674 0.630806035923728 1
"298" 8 1 0.00048828125 0.5 64 0.8897 0.630804564900827 1
"299" 4 1 0.001953125 0.9 256 0.9072 0.630799965478952 1
"300" 8 1 0.0078125 0.3 8 0.8966 0.630798818372272 1
"301" 8 1 0.001953125 0.6 64 0.9038 0.63078540811614 1
"302" 8 1 0.001953125 0.5 16 0.8898 0.630782640994364 1
"303" 5 3 0.001953125 0.1 512 0.9105 0.630757205169336 1
"304" 8 3 0.0078125 0.6 8 0.8975 0.630756752125956 1
"305" 8 1 0.0078125 0.4 8 0.8999 0.630752805966681 1
"306" 8 3 0.001953125 0.4 32 0.8921 0.630745706786768 1
"307" 8 3 0.00048828125 0.3 128 0.888 0.630720756183326 1
"308" 8 3 0.001953125 0.6 64 0.9069 0.630718845790579 1
"309" 8 1 0.0078125 0.7 4 0.889 0.630712595113862 1
"310" 8 2 0.001953125 0.8 128 0.9123 0.630712450591396 1
"311" 8 3 0.001953125 0.3 64 0.9013 0.630711533053576 1
"312" 8 1 0.0078125 0.8 16 0.9042 0.630710630933389 1
"313" 8 4 0.001953125 0.4 128 0.9128 0.630705078199167 1
"314" 8 3 0.0078125 0.8 16 0.9072 0.630700484418928 1
"315" 8 1 0.001953125 0.2 32 0.8938 0.630699311292583 1
"316" 8 3 0.00048828125 0.5 512 0.9125 0.630672525780356 1
"317" 8 1 0.00048828125 0.3 256 0.9039 0.630660595464258 1
"318" 4 4 0.00048828125 0.7 1024 0.9168 0.63065566300724 1
"319" 8 1 0.0078125 0.5 8 0.8992 0.63064815012181 1
"320" 8 3 0.001953125 0.3 32 0.8881 0.630647372930376 1
"321" 8 4 0.0078125 0.7 4 0.884 0.630633323474509 1
"322" 8 1 0.001953125 0.4 256 0.9075 0.630628175736429 1
"323" 8 1 0.0078125 0.8 4 0.888 0.630616292878189 1
"324" 8 2 0.001953125 0.8 8 0.8665 0.630609139345589 1
"325" 8 1 0.0078125 0.4 4 0.8877 0.630606483613891 1
"326" 4 4 0.00048828125 0.5 10000 0.9209 0.630593466566779 1
"327" 8 3 0.0078125 0.9 8 0.8971 0.630590438631197 1
"328" 8 1 0.0078125 0.2 8 0.8935 0.630578125761693 1
"329" 4 1 0.001953125 0.8 512 0.9083 0.630558306307472 1
"330" 4 3 0.00048828125 0.7 512 0.9125 0.630552650364226 1
"331" 8 2 0.0078125 0.8 2 0.8664 0.630545368605948 1
"332" 8 2 0.0078125 0.6 8 0.8972 0.630544407462521 1
"333" 4 4 0.001953125 0.7 256 0.917 0.630539893990924 1
"334" 8 4 0.0078125 0.6 8 0.8984 0.63052276270051 1
"335" 8 3 0.00048828125 0.4 128 0.8921 0.630498124867869 1
"336" 8 2 0.00048828125 0.2 1024 0.9127 0.630482236616976 1
"337" 4 3 0.001953125 0.7 128 0.9125 0.63047800578544 1
"338" 8 1 0.00048828125 0.2 128 0.8937 0.63046473515739 1
"339" 8 4 0.001953125 0.6 16 0.8839 0.630423284171691 1
"340" 8 4 0.001953125 0.8 128 0.9133 0.630373497005095 1
"341" 8 2 0.0078125 0.7 8 0.8967 0.630370488488453 1
"342" 8 2 0.00048828125 0.7 32 0.8645 0.630361344699068 1
"343" 8 4 0.0078125 0.4 8 0.8925 0.630360188655607 1
"344" 8 2 0.0078125 0.8 16 0.9068 0.630349452531545 1
"345" 8 4 0.001953125 0.7 64 0.9081 0.630346459392862 1
"346" 4 1 0.00048828125 0.9 512 0.9059 0.630335258319786 1
"347" 8 4 0.0078125 0.3 8 0.8885 0.630331901000854 1
"348" 8 2 0.001953125 0.7 8 0.8645 0.630324455417937 1
"349" 4 4 0.00048828125 0.8 512 0.914 0.630317443573384 1
"350" 8 3 0.0078125 0.7 8 0.8968 0.630316031610601 1
"351" 8 2 0.001953125 0.2 16 0.8663 0.630315884637157 1
"352" 8 2 0.001953125 0.7 256 0.9163 0.630312375443619 1
"353" 8 4 0.0078125 0.9 16 0.9063 0.630308550584685 1
"354" 8 4 0.00048828125 0.6 64 0.8838 0.630290951091616 1
"355" 8 2 0.00048828125 0.2 64 0.8662 0.630276227045742 1
"356" 8 2 0.00048828125 0.3 512 0.9102 0.630267456044139 1
"357" 8 4 0.0078125 0.6 4 0.884 0.630243442371003 1
"358" 8 1 0.00048828125 0.6 1024 0.9064 0.630230055067406 1
"359" 4 1 0.001953125 0.9 128 0.9059 0.630229150955881 1
"360" 8 4 0.00048828125 0.2 1024 0.9152 0.630220704178848 1
"361" 8 4 0.0078125 0.5 8 0.8969 0.630217385893066 1
"362" 8 1 0.0078125 0.5 4 0.8895 0.630216059664781 1
"363" 8 1 0.0078125 0.9 16 0.9033 0.630211280315175 1
"364" 8 4 0.00048828125 0.7 1024 0.9181 0.63019478099187 1
"365" 8 1 0.001953125 0.3 128 0.907 0.630171687771384 1
"366" 8 2 0.00048828125 0.8 32 0.8663 0.630158132235164 1
"367" 8 3 0.00048828125 0.5 64 0.8813 0.630141711124332 1
"368" 4 1 0.001953125 0.8 256 0.9076 0.630138316226139 1
"369" 3 2 0.03125 0.1 64 0.9139 0.630126502535178 1
"370" 5 1 0.00048828125 0.3 512 0.906 0.630116577738504 1
"371" 8 2 0.00048828125 0.2 10000 0.9164 0.630114027211385 1
"372" 8 3 0.03125 0.1 2 0.876 0.630110502386739 1
"373" 8 3 0.0078125 0.4 8 0.8919 0.630101466320243 1
"374" 4 3 0.0078125 0.7 32 0.9129 0.630099147468473 1
"375" 8 4 0.00048828125 0.5 1024 0.9166 0.630096410774249 1
"376" 5 2 0.001953125 0.1 10000 0.9175 0.630089571131481 1
"377" 8 2 0.00048828125 0.3 1024 0.9148 0.630079884666177 1
"378" 8 3 0.001953125 0.3 128 0.9091 0.63007604791433 1
"379" 8 1 0.00048828125 0.6 64 0.8896 0.630069939757883 1
"380" 8 1 0.03125 0.2 2 0.8929 0.63006993095595 1
"381" 4 4 0.001953125 0.8 128 0.9142 0.630063054106314 1
"382" 8 3 0.03125 0.1 4 0.8907 0.630057816579671 1
"383" 8 3 0.001953125 0.4 128 0.9105 0.630057694263364 1
"384" 8 3 0.0078125 0.3 8 0.8879 0.63005616478226 1
"385" 8 2 0.0078125 0.9 16 0.9054 0.630048840049437 1
"386" 4 4 0.00048828125 0.7 512 0.9137 0.630007462986681 1
"387" 8 2 0.0078125 0.2 4 0.8662 0.630007019128707 1
"388" 5 3 0.00048828125 0.5 1024 0.9163 0.630002065821405 1
"389" 8 3 0.0078125 0.9 16 0.9056 0.629977364994133 1
"390" 8 2 0.0078125 0.7 2 0.8644 0.62996633878408 1
"391" 8 3 0.001953125 0.5 16 0.8814 0.629961066707221 1
"392" 8 2 0.03125 0.1 2 0.876 0.629923113567714 1
"393" 4 2 0.00048828125 0.7 1024 0.9154 0.629917045749095 1
"394" 8 3 0.00048828125 0.7 32 0.8634 0.62991555724041 1
"395" 8 3 0.0078125 0.5 4 0.8817 0.629903115917236 1
"396" 8 2 0.001953125 0.4 16 0.8785 0.629885249618538 1
"397" 7 3 0.00048828125 0.8 64 0.8825 0.629879386647587 1
"398" 7 3 0.0078125 0.2 1024 0.9183 0.629869356859769 1
"399" 8 4 0.03125 0.1 2 0.8742 0.629860775412288 1
"400" 7 2 0.00048828125 0.9 64 0.8817 0.629859309929062 1
"401" 8 1 0.001953125 0.3 64 0.904 0.629859269806722 1
"402" 5 1 0.00048828125 0.9 1024 0.9086 0.629854529048537 1
"403" 7 4 0.00048828125 0.8 64 0.8831 0.62985014071744 1
"404" 8 3 0.001953125 0.7 8 0.8634 0.629844184235121 1
"405" 8 1 0.001953125 0.6 16 0.8896 0.629843665185175 1
"406" 8 4 0.00048828125 0.5 256 0.9081 0.629832543810174 1
"407" 4 3 0.00048828125 0.7 1024 0.9154 0.629829535052551 1
"408" 7 4 0.00048828125 0.9 64 0.8817 0.629819975438849 1
"409" 8 4 0.00048828125 0.1 32 0.8318 0.629802574867501 1
"410" 5 2 0.0078125 0.2 512 0.9168 0.629793776580174 1
"411" 7 3 0.00048828125 0.9 64 0.8814 0.629787128310738 1
"412" 8 2 0.00048828125 0.4 64 0.8783 0.629778589402884 1
"413" 4 2 0.001953125 0.7 256 0.9153 0.629771174168636 1
"414" 4 4 0.001953125 0.7 128 0.9138 0.629769404944503 1
"415" 7 3 0.001953125 0.8 16 0.8826 0.629767795201178 1
"416" 8 1 0.0078125 0.6 4 0.8894 0.629762966475583 1
"417" 8 1 0.001953125 0.6 128 0.9055 0.629756609002748 1
"418" 4 1 0.00048828125 0.8 1024 0.9077 0.629745559140635 1
"419" 8 4 0.001953125 0.2 256 0.9153 0.629737405205307 1
"420" 7 2 0.001953125 0.9 16 0.8817 0.629729711460807 1
"421" 8 2 0.0078125 0.4 4 0.8784 0.629727884134028 1
"422" 5 1 0.00048828125 0.4 512 0.9061 0.629721674274286 1
"423" 8 3 0.0078125 0.4 4 0.8777 0.629706983587886 1
"424" 4 1 0.001953125 0.9 512 0.9085 0.62969610662531 1
"425" 8 4 0.001953125 0.1 8 0.8316 0.629682241537318 1
"426" 7 4 0.001953125 0.9 16 0.8819 0.629666046942344 1
"427" 4 1 0.001953125 0.4 1024 0.9091 0.629661695150783 1
"428" 8 4 0.00048828125 0.4 64 0.8783 0.629617565034716 1
"429" 7 1 0.00048828125 0.9 64 0.8909 0.629616781270469 1
"430" 8 3 0.00048828125 0.4 64 0.8777 0.629616184358126 1
"431" 5 2 0.0078125 0.2 1024 0.9175 0.629607928398908 1
"432" 8 3 0.0078125 0.7 2 0.8637 0.629605566512871 1
"433" 5 3 0.00048828125 0.1 10000 0.9159 0.629598243443806 1
"434" 7 1 0.001953125 0.9 16 0.891 0.629596586870271 1
"435" 7 4 0.001953125 0.8 16 0.883 0.629593456186699 1
"436" 8 3 0.001953125 0.1 8 0.8305 0.629592267911772 1
"437" 7 1 0.00048828125 0.8 128 0.8995 0.62957312264195 1
"438" 8 1 0.00048828125 0.8 512 0.9063 0.629572174997743 1
"439" 4 4 0.00048828125 0.9 256 0.9099 0.629571538261865 1
"440" 5 1 0.00048828125 0.7 1024 0.9081 0.629562525069616 1
"441" 5 4 0.0078125 0.1 1024 0.9206 0.629549418345425 1
"442" 7 1 0.00048828125 0.8 64 0.8888 0.629545345108763 1
"443" 8 3 0.0078125 0.1 2 0.8309 0.629543210735488 1
"444" 8 3 0.00048828125 0.1 32 0.8306 0.629526241768073 1
"445" 7 4 0.00048828125 0.9 32 0.8677 0.629509679029045 1
"446" 7 1 0.00048828125 0.5 128 0.9002 0.629504736135851 1
"447" 8 4 0.0078125 0.4 4 0.8781 0.629503714471014 1
"448" 8 4 0.001953125 0.4 16 0.8782 0.629500981801312 1
"449" 7 1 0.00048828125 0.9 128 0.8993 0.629497223038151 1
"450" 7 1 0.001953125 0.8 16 0.8888 0.629493050060626 1
"451" 8 4 0.03125 0.3 1 0.874 0.629487629491768 1
"452" 8 2 0.001953125 0.9 512 0.9154 0.629484645573286 1
"453" 8 4 0.00048828125 0.6 512 0.9136 0.629484132114169 1
"454" 8 3 0.03125 0.3 1 0.8737 0.629483900574465 1
"455" 4 3 0.001953125 0.7 256 0.9154 0.629479149843184 1
"456" 7 3 0.001953125 0.9 16 0.8814 0.629477979736002 1
"457" 7 3 0.00048828125 0.8 128 0.8962 0.6294713859472 1
"458" 8 2 0.0078125 0.3 4 0.8742 0.629463515591316 1
"459" 8 3 0.001953125 0.4 16 0.8775 0.629462236945678 1
"460" 7 4 0.001953125 0.9 8 0.8677 0.629461251174513 1
"461" 8 4 0.00048828125 0.7 32 0.8633 0.629452951757744 1
"462" 7 4 0.00048828125 0.3 64 0.8741 0.629444837495767 1
"463" 8 4 0.0078125 0.7 2 0.8635 0.629435093833999 1
"464" 8 4 0.0078125 0.1 8 0.8744 0.629427605756224 1
"465" 4 4 0.0078125 0.7 32 0.914 0.62942045688428 1
"466" 8 4 0.0078125 0.1 2 0.8312 0.629386649559464 1
"467" 7 1 0.00048828125 0.4 64 0.888 0.629378721093783 1
"468" 8 2 0.001953125 0.3 128 0.9103 0.629374312539206 1
"469" 7 2 0.00048828125 0.8 64 0.8822 0.629372083367352 1
"470" 4 3 0.00048828125 0.2 512 0.9075 0.629361493758707 1
"471" 7 4 0.001953125 0.3 16 0.8743 0.629357129451591 1
"472" 8 2 0.0078125 0.5 4 0.8817 0.629323796795731 1
"473" 4 1 0.0078125 0.2 1024 0.9111 0.629322696996022 1
"474" 8 3 0.03125 0.8 0.5 0.8665 0.62932076312853 1
"475" 4 4 0.0078125 0.8 64 0.9173 0.629314474283302 1
"476" 8 2 0.001953125 0.6 128 0.9123 0.629313335896522 1
"477" 4 4 0.001953125 0.9 64 0.91 0.629311897256113 1
"478" 8 2 0.00048828125 0.3 64 0.8739 0.629311026305663 1
"479" 8 4 0.001953125 0.7 8 0.8631 0.629306292259029 1
"480" 4 4 0.00048828125 0.8 256 0.9105 0.629305408069106 1
"481" 5 2 0.03125 0.1 32 0.9115 0.629294975386148 1
"482" 8 4 0.0078125 0.1 16 0.8911 0.629293398607137 1
"483" 7 1 0.001953125 0.9 32 0.8994 0.629286123992907 1
"484" 7 1 0.0078125 0.8 4 0.8892 0.629272983216281 1
"485" 8 4 0.001953125 0.1 64 0.8908 0.629269485459188 1
"486" 7 1 0.001953125 0.4 16 0.888 0.629267400082113 1
"487" 4 4 0.001953125 0.8 512 0.9186 0.629258774897319 1
"488" 7 1 0.001953125 0.8 32 0.8993 0.629253786667772 1
"489" 7 2 0.001953125 0.8 16 0.8823 0.629249952494212 1
"490" 8 4 0.001953125 0.1 32 0.8747 0.629247986594868 1
"491" 7 3 0.00048828125 0.3 64 0.8752 0.629246960932102 1
"492" 7 3 0.001953125 0.8 32 0.8962 0.629245826009496 1
"493" 8 3 0.001953125 0.2 512 0.9154 0.629235631128566 1
"494" 8 3 0.00048828125 0.3 32 0.8551 0.629230824756304 1
"495" 7 2 0.00048828125 0.5 128 0.8958 0.629210704392495 1
"496" 7 3 0.001953125 0.3 16 0.8753 0.629205786580716 1
"497" 7 3 0.00048828125 0.9 32 0.8668 0.629196776774204 1
"498" 8 3 0.0078125 0.1 16 0.8905 0.629188408713783 1
"499" 8 2 0.001953125 0.5 16 0.8816 0.629176441219052 1
"500" 8 2 0.00048828125 0.4 1024 0.9132 0.629176385128319 1
