0.287720	0.000000	0.000000
0.392889	0.196759	0.162963
0.562892	0.570587	0.450842
0.636391	0.782748	0.598653
0.637586	0.863782	0.639394
0.592770	0.844227	0.606061
0.528234	0.748326	0.532660
0.468180	0.609295	0.450505
0.435614	0.504956	0.397980
0.451150	0.499062	0.411111
0.502241	0.587195	0.470034
0.585300	0.788642	0.572391
0.621153	0.940932	0.631650
0.552734	0.924190	0.582155
0.462803	0.799625	0.488889
0.410517	0.584784	0.389899
0.410517	0.412671	0.335017
0.500747	0.434503	0.392256
0.621153	0.561077	0.496296
0.712578	0.731047	0.588216
0.763071	0.856282	0.643098
0.752017	0.817841	0.621886
0.708396	0.697027	0.564310
0.653122	0.566568	0.505724
0.629519	0.468926	0.479461
0.717956	0.469194	0.550842
0.856588	0.545272	0.665657
0.947416	0.675864	0.734680
0.975799	0.772033	0.753535
0.928892	0.692606	0.723232
0.828503	0.533351	0.663973
0.671049	0.402223	0.584848
0.548850	0.338334	0.535690
0.631610	0.411331	0.610438
0.777413	0.544066	0.721212
0.748730	0.616394	0.723232
0.606812	0.619073	0.647812
0.414999	0.529601	0.521212
0.251867	0.425127	0.394949
0.217508	0.387490	0.320202
0.275769	0.418564	0.327946
0.396176	0.530672	0.470707
0.510308	0.648540	0.614815
0.550642	0.697830	0.627946
0.525545	0.681757	0.571717
0.429937	0.591749	0.483165
0.384523	0.497991	0.417172
0.513594	0.462095	0.434007
0.665970	0.500134	0.509764
0.725725	0.638361	0.635017
0.734090	0.738146	0.719865
0.713176	0.706670	0.701347
0.671646	0.631128	0.643434
0.621452	0.558934	0.580135
0.599642	0.487008	0.541077
0.642068	0.420707	0.555556
0.706603	0.435842	0.611785
0.763370	0.608894	0.710774
0.797729	0.733726	0.771717
0.794742	0.678409	0.740404
0.738273	0.553576	0.664983
0.610995	0.419368	0.572054
0.546161	0.330699	0.521886
0.674933	0.351996	0.579461
0.812668	0.457675	0.682828
0.826113	0.631396	0.786532
0.735584	0.719395	0.807407
0.558411	0.640102	0.701684
0.390798	0.519153	0.559933
0.301165	0.425663	0.436700
0.272184	0.370212	0.374074
0.307440	0.377712	0.418182
0.396176	0.464908	0.508418
0.527637	0.646665	0.606397
0.563191	0.743772	0.632660
0.425157	0.654567	0.540741
0.246191	0.520091	0.417845
0.104870	0.420707	0.315488
0.076188	0.360836	0.284175
0.246191	0.364050	0.380471
0.424559	0.418564	0.495286
0.454437	0.524645	0.541751
0.412608	0.585454	0.541077
0.341500	0.518886	0.500000
0.315506	0.414412	0.456566
0.416194	0.335387	0.444781
0.539886	0.314492	0.479461
0.602032	0.395526	0.585859
0.668360	0.525984	0.692929
0.772035	0.662068	0.749832
0.796534	0.697160	0.753872
0.708097	0.595634	0.709764
0.630714	0.481516	0.656902
0.622348	0.418430	0.624916
0.680311	0.434905	0.661953
0.794742	0.536834	0.772391
0.861070	0.629253	0.844444
0.855094	0.671980	0.849832
0.795040	0.625904	0.800673
0.714072	0.513126	0.720202
0.681805	0.405036	0.655556
0.717359	0.345299	0.634343
0.802211	0.389499	0.698990
0.910965	0.524377	0.828956
0.987153	0.638494	0.903030
1.000000	0.688320	0.906734
0.898118	0.615055	0.848148
0.757395	0.482454	0.765320
0.708396	0.385347	0.710438
0.746041	0.360300	0.703704
0.862862	0.469729	0.786532
0.961757	0.636217	0.888216
0.890947	0.736673	0.893939
0.769047	0.763863	0.843098
0.723932	0.707742	0.776431
0.714371	0.623225	0.709428
0.719450	0.555853	0.658586
0.737377	0.564024	0.661616
0.765163	0.704393	0.753872
0.810875	0.839137	0.828620
0.867941	0.883338	0.823569
0.855393	0.843156	0.769360
0.739767	0.723413	0.680135
0.599343	0.595366	0.576094
0.478040	0.510313	0.475421
0.406932	0.526922	0.435690
0.423065	0.707742	0.505724
0.442486	0.869810	0.557576
0.418285	0.904500	0.520875
0.375859	0.855076	0.463300
0.329848	0.742298	0.416498
0.313415	0.639298	0.388216
0.353451	0.602866	0.392593
0.448760	0.665283	0.457576
0.605318	0.864586	0.608754
0.723932	1.000000	0.710101
0.741261	0.951514	0.679461
0.696743	0.831235	0.600673
0.604422	0.696893	0.517172
0.509411	0.590276	0.450505
0.453541	0.563890	0.431650
0.462803	0.626976	0.452862
0.590081	0.823734	0.518519
0.725127	0.996384	0.578115
0.745444	0.958880	0.575758
0.660592	0.800830	0.520539
0.426950	0.570453	0.394949
0.197490	0.376507	0.275421
0.207051	0.381998	0.279125
0.358231	0.537503	0.356902
0.475351	0.774310	0.421212
0.526442	0.966381	0.456902
0.483418	0.919904	0.453535
0.408425	0.749933	0.425926
0.375560	0.574069	0.377778
0.399163	0.464104	0.354545
0.509411	0.541923	0.439394
0.655811	0.723681	0.571717
0.759486	0.868069	0.647138
0.782193	0.921243	0.659933
0.674634	0.818778	0.604040
0.537197	0.641039	0.524579
0.469077	0.442138	0.459259
0.487900	0.325609	0.446465
0.646848	0.454460	0.552525
0.826412	0.670372	0.687542
0.869435	0.757434	0.728956
0.829698	0.740959	0.712121
0.747236	0.631396	0.663300
0.680610	0.506697	0.614815
0.693756	0.437986	0.598317
0.754108	0.450040	0.636364
0.844637	0.579829	0.757239
0.907380	0.686847	0.852189
0.900508	0.677605	0.847812
0.843442	0.610903	0.795286
0.746041	0.514466	0.721212
0.689573	0.419904	0.663973
0.736182	0.357755	0.659596
0.785181	0.404366	0.699663
0.774724	0.606215	0.780135
0.740962	0.710688	0.805387
0.695249	0.633137	0.743771
0.623245	0.505893	0.646801
0.525247	0.396196	0.545791
0.457126	0.321993	0.481482
0.455632	0.316635	0.488889
0.535704	0.413608	0.566667
0.703018	0.628583	0.709091
0.750523	0.733860	0.771044
0.629220	0.657648	0.708418
0.531521	0.541120	0.622222
0.539886	0.450576	0.563636
0.602629	0.396330	0.554209
0.704512	0.404099	0.610774
0.801912	0.519957	0.712458
0.864356	0.704795	0.822896
0.845235	0.717385	0.828283
0.764266	0.591749	0.746801
0.652226	0.461559	0.636700
0.561100	0.375703	0.543434
0.615178	0.345700	0.540067
0.790260	0.390035	0.628956
0.899313	0.551969	0.747475
0.913056	0.739887	0.843098
0.857484	0.728503	0.825926
0.761578	0.585320	0.737374
0.650732	0.402089	0.628283
0.571855	0.249799	0.542761
0.627726	0.233458	0.560606
0.766358	0.349719	0.659933
0.819839	0.554648	0.764310
0.784284	0.742031	0.828956
0.693158	0.724886	0.788552
0.596654	0.595232	0.695286
0.573050	0.471069	0.615488
0.604123	0.393651	0.571044
0.650134	0.419368	0.597306
0.706603	0.532280	0.671717
0.785480	0.706402	0.752189
0.843741	0.851058	0.801684
0.806693	0.816368	0.763300
0.702121	0.674926	0.667340
0.543173	0.503349	0.539057
0.389603	0.369944	0.425589
0.352256	0.387490	0.416498
0.409023	0.536030	0.485859
0.450852	0.722877	0.519529
0.450852	0.867265	0.509764
0.388109	0.834851	0.475758
0.304751	0.691401	0.432323
0.259635	0.523975	0.384848
0.281446	0.408653	0.368014
0.427248	0.479775	0.462626
0.638781	0.681222	0.625253
0.731700	0.773774	0.692256
0.706304	0.757300	0.668687
0.572453	0.672248	0.590236
0.415596	0.563622	0.497980
0.417389	0.494910	0.454545
0.574246	0.498527	0.482828
0.708396	0.614251	0.595623
0.767852	0.778194	0.737711
0.723036	0.785829	0.751515
0.626531	0.683900	0.674074
0.576935	0.578891	0.586869
0.583806	0.499330	0.524579
0.642665	0.452049	0.530976
0.729310	0.465443	0.599663
0.804004	0.616796	0.706734
