0.034728	0.469347	0.699694
0.270703	0.327297	0.683861
0.367765	0.189068	0.655260
0.241318	0.165642	0.638917
0.095281	0.210168	0.649643
0.156723	0.270975	0.701737
0.358860	0.368334	0.782942
0.561888	0.477654	0.854954
0.549421	0.433128	0.827886
0.426536	0.308689	0.762513
0.333037	0.210666	0.720123
0.357970	0.213158	0.704801
0.475512	0.279781	0.725230
0.616207	0.372653	0.786517
0.653607	0.497425	0.886619
0.607302	0.571025	0.943820
0.518255	0.532647	0.902452
0.398041	0.429141	0.841675
0.384684	0.351055	0.795199
0.524488	0.364180	0.780899
0.495993	0.422329	0.791624
0.456812	0.515202	0.839122
0.585931	0.625021	0.919306
0.656278	0.672869	0.917773
0.634907	0.628177	0.846782
0.568121	0.498256	0.773238
0.501336	0.431301	0.711951
0.471060	0.452068	0.675179
0.501336	0.511879	0.677222
0.492431	0.610068	0.720633
0.465717	0.711746	0.768131
0.557436	0.746968	0.733401
0.558326	0.678684	0.663943
0.423865	0.542449	0.592952
0.449688	0.494600	0.515832
0.493322	0.515866	0.470889
0.475512	0.578003	0.484678
0.558326	0.675195	0.567926
0.738201	0.767071	0.625128
0.933215	0.804619	0.575077
0.653607	0.705101	0.502554
0.265361	0.567868	0.431052
0.333927	0.537631	0.369254
0.427427	0.564546	0.337079
0.470169	0.625685	0.350357
0.584150	0.709420	0.427988
0.645592	0.777704	0.460163
0.581478	0.784848	0.405005
0.397151	0.662402	0.340654
0.244880	0.526666	0.286517
0.240427	0.480645	0.254852
0.325913	0.508556	0.258938
0.414960	0.579831	0.295199
0.440784	0.654760	0.343718
0.615316	0.692640	0.349847
0.754230	0.655425	0.311032
0.390917	0.507559	0.256895
0.215494	0.389267	0.219101
0.398041	0.361522	0.209397
0.471060	0.390098	0.223698
0.479965	0.460708	0.273238
0.492431	0.541784	0.342697
0.601069	0.563050	0.348825
0.630454	0.492274	0.319203
0.478183	0.340754	0.294688
0.550312	0.251869	0.277324
0.639359	0.245223	0.278856
0.490650	0.300216	0.310010
0.323241	0.374149	0.387640
0.317008	0.436451	0.465271
0.583259	0.457551	0.479571
0.601069	0.356039	0.437181
0.351737	0.201362	0.377426
0.118433	0.142549	0.356997
0.086376	0.159661	0.359040
0.245770	0.221632	0.401430
0.439003	0.289583	0.517365
0.593054	0.352218	0.600102
0.622440	0.368998	0.600613
0.408727	0.252700	0.552605
0.223509	0.127762	0.500511
0.224399	0.083901	0.475996
0.293856	0.113308	0.487743
0.390917	0.173118	0.546987
0.457703	0.233095	0.638407
0.373998	0.318990	0.681818
0.227961	0.318990	0.674668
0.136242	0.157003	0.631256
0.115761	0.051005	0.575587
0.145147	0.030238	0.542390
0.195904	0.065792	0.559755
0.252894	0.129590	0.626149
0.359751	0.211663	0.704290
0.546750	0.299219	0.743616
0.491541	0.246386	0.722165
0.266251	0.097691	0.665475
0.154052	0.005649	0.631256
0.084595	0.000000	0.625638
0.116652	0.054826	0.653218
0.332146	0.121615	0.713994
0.503117	0.232098	0.788560
0.524488	0.302708	0.826864
0.375779	0.201861	0.772727
0.137133	0.076757	0.710930
0.039181	0.014787	0.680797
0.309884	0.051836	0.691522
0.467498	0.126433	0.740041
0.501336	0.228942	0.822268
0.591273	0.358531	0.927988
0.677649	0.372653	0.949949
0.656278	0.278784	0.896323
0.439893	0.172952	0.839632
0.270703	0.136734	0.812053
0.221728	0.171623	0.820735
0.285842	0.240738	0.865169
0.413179	0.343080	0.939224
0.523598	0.425652	1.000000
0.520926	0.415850	0.992339
0.440784	0.316332	0.929520
0.351737	0.195215	0.851890
0.344613	0.162319	0.812564
0.492431	0.203356	0.812564
0.685664	0.291743	0.851379
0.674087	0.390929	0.926456
0.622440	0.457385	0.962206
0.591273	0.449742	0.922881
0.487088	0.326134	0.846272
0.308994	0.212992	0.778345
0.175423	0.192889	0.745659
0.422084	0.246220	0.737487
0.641140	0.328958	0.774259
0.561888	0.404220	0.840143
0.416741	0.470510	0.832993
0.337489	0.447417	0.768641
0.386465	0.301379	0.688458
0.383794	0.216980	0.637385
0.348174	0.218309	0.611849
0.329475	0.281442	0.603166
0.276046	0.354876	0.650664
0.270703	0.429473	0.706844
0.404274	0.499419	0.704801
0.391808	0.434624	0.667007
0.258237	0.291411	0.612360
0.195013	0.231268	0.561287
0.164737	0.244060	0.535240
0.184328	0.306363	0.550051
0.309884	0.381126	0.618999
0.454141	0.478319	0.673647
0.552093	0.552584	0.678243
0.567231	0.454727	0.649132
0.496883	0.330287	0.600102
0.368655	0.295232	0.548008
0.259127	0.321814	0.529111
0.301870	0.380462	0.566905
0.530721	0.447915	0.654750
0.626892	0.548762	0.697651
0.598397	0.578335	0.690500
0.530721	0.438445	0.654750
0.410508	0.322147	0.602656
0.349065	0.287257	0.559755
0.462155	0.327297	0.557201
0.520036	0.382289	0.617467
0.510240	0.452899	0.703779
0.536064	0.568035	0.743616
0.536064	0.551587	0.725741
0.503117	0.401894	0.673647
0.479074	0.302210	0.646067
0.453250	0.286759	0.628192
0.447017	0.339757	0.628192
0.527159	0.393753	0.681818
0.633126	0.488619	0.754341
0.691006	0.594119	0.801839
0.606411	0.527330	0.766088
0.444345	0.395581	0.708887
0.311665	0.316498	0.682840
0.348174	0.328792	0.673647
0.487088	0.394085	0.697651
0.644702	0.478319	0.763024
0.807658	0.602093	0.847804
0.813001	0.659412	0.885087
0.582369	0.575843	0.833504
0.430988	0.469347	0.777835
0.406946	0.410699	0.736466
0.487979	0.436617	0.718080
0.613535	0.506396	0.747702
0.714158	0.608074	0.818182
0.728406	0.719721	0.900409
0.727516	0.733344	0.892237
0.660730	0.654428	0.820735
0.477293	0.544443	0.759959
0.481745	0.500914	0.711951
0.612645	0.538462	0.692033
0.645592	0.627347	0.715526
0.605521	0.737332	0.769152
0.567231	0.822063	0.806435
0.650935	0.821399	0.747702
0.595726	0.743645	0.671604
0.338379	0.636318	0.617978
0.182547	0.607576	0.554648
0.227070	0.635654	0.518897
0.451469	0.696295	0.537794
0.613535	0.801296	0.604699
0.656278	0.871740	0.633299
0.576135	0.835853	0.554648
0.479074	0.718392	0.475996
0.402493	0.602093	0.408580
0.356189	0.574514	0.340654
0.298308	0.606413	0.320735
0.311665	0.679349	0.353422
0.524488	0.775544	0.424923
0.639359	0.826882	0.430541
0.566340	0.796644	0.355465
0.480855	0.683336	0.299285
0.374889	0.589799	0.255363
0.273375	0.580163	0.220633
0.284951	0.621532	0.217569
0.368655	0.702775	0.249234
0.458593	0.800964	0.302349
0.506679	0.838013	0.308989
0.448798	0.785014	0.272727
0.248442	0.646619	0.221144
0.291184	0.557568	0.177222
0.460374	0.553248	0.155260
0.332146	0.602758	0.162411
0.286732	0.688486	0.207354
0.434550	0.769397	0.259959
0.570793	0.771557	0.244127
0.548531	0.686161	0.196119
0.343722	0.547433	0.154239
0.289403	0.487124	0.120531
0.320570	0.497425	0.103677
0.333037	0.546769	0.110827
0.341941	0.628011	0.167007
0.368655	0.695963	0.215015
0.429208	0.695298	0.182329
0.332146	0.584150	0.132788
0.170971	0.437780	0.090909
0.179875	0.394584	0.062819
0.197685	0.417013	0.057201
0.170971	0.477986	0.088355
0.138023	0.559229	0.168029
0.178094	0.612228	0.210929
0.293856	0.592125	0.185904
0.382903	0.453231	0.148621
0.395370	0.327297	0.115935
0.314337	0.297225	0.101124
0.167409	0.325137	0.109295
0.191452	0.395248	0.167518
0.477293	0.481974	0.268641
0.617987	0.526499	0.297753
