0.352297	0.453347	0.211716
0.240202	0.467952	0.197071
0.381795	0.565939	0.269341
0.565950	0.703914	0.401783
0.589128	0.808281	0.510029
0.549515	0.815939	0.523400
0.521281	0.739365	0.466412
0.463548	0.615428	0.351162
0.307627	0.493477	0.237822
0.353139	0.429098	0.203120
0.541509	0.481424	0.211079
0.535187	0.565230	0.250239
0.605563	0.688032	0.351162
0.638432	0.788145	0.435530
0.555837	0.789421	0.443808
0.492625	0.701929	0.416428
0.498104	0.585366	0.339064
0.321955	0.456183	0.234002
0.241888	0.356920	0.176377
0.322377	0.356211	0.168418
0.451749	0.427964	0.215536
0.640539	0.545519	0.337472
0.783397	0.657402	0.487743
0.768647	0.715116	0.550143
0.658660	0.684628	0.555556
0.627054	0.588627	0.478828
0.487990	0.489223	0.385864
0.500632	0.409387	0.328876
0.501896	0.391946	0.325374
0.607248	0.414492	0.357530
0.662874	0.512762	0.437759
0.772019	0.614577	0.582299
0.812052	0.680800	0.627189
0.638854	0.656693	0.611907
0.485883	0.576290	0.533270
0.214496	0.482416	0.396371
0.054783	0.387266	0.287488
0.075853	0.371526	0.220630
0.087653	0.449801	0.208532
0.277708	0.558707	0.277619
0.498104	0.704481	0.422477
0.538980	0.805162	0.531041
0.503161	0.807289	0.546641
0.528866	0.732842	0.474053
0.354825	0.614010	0.336835
0.266330	0.508934	0.229863
0.344290	0.479722	0.193887
0.473241	0.501276	0.200255
0.581121	0.585933	0.254378
0.640539	0.694555	0.375995
0.729035	0.774816	0.473416
0.618626	0.768860	0.487106
0.509060	0.670874	0.432665
0.524652	0.528219	0.322190
0.424357	0.394356	0.215218
0.366203	0.328417	0.155365
0.472819	0.361741	0.165871
0.581121	0.426687	0.196753
0.692373	0.532473	0.297358
0.669195	0.620817	0.409742
0.755584	0.660380	0.457816
0.633375	0.611600	0.446355
0.550358	0.512762	0.378542
0.482512	0.418746	0.272525
0.486726	0.362309	0.210443
0.570164	0.356920	0.203120
0.669195	0.418463	0.245463
0.786768	0.562252	0.375995
0.907290	0.684487	0.541229
0.960809	0.755530	0.619866
0.818795	0.745604	0.617956
0.673409	0.659387	0.555556
0.609777	0.535309	0.445400
0.447113	0.397192	0.349570
0.381795	0.348695	0.322509
0.562158	0.406410	0.357211
0.659081	0.475043	0.435849
0.695322	0.572036	0.568927
0.813738	0.649036	0.659663
0.772861	0.654141	0.686406
0.655710	0.604651	0.650111
0.633797	0.501843	0.538045
0.461441	0.403148	0.423750
0.395702	0.350539	0.372811
0.521281	0.380743	0.409742
0.689001	0.431225	0.486469
0.714286	0.503545	0.598854
0.694058	0.538712	0.694047
0.694058	0.519569	0.687998
0.467762	0.434203	0.629099
0.335862	0.293959	0.490926
0.246945	0.198951	0.366444
0.270122	0.161798	0.309456
0.405394	0.198242	0.333652
0.395280	0.259643	0.385228
0.451749	0.377623	0.484559
0.341761	0.467952	0.603311
0.394859	0.490499	0.614136
0.349768	0.439592	0.564470
0.247788	0.325298	0.454314
0.141593	0.211571	0.336835
0.167299	0.140527	0.262019
0.236831	0.166903	0.244508
0.209018	0.235820	0.263929
0.298357	0.349688	0.355938
0.471555	0.466392	0.499522
0.385588	0.526943	0.571474
0.311420	0.489223	0.550462
0.222503	0.403290	0.463228
0.045512	0.276517	0.327284
0.013485	0.199518	0.240688
0.194690	0.199943	0.232092
0.427729	0.289563	0.278892
0.521703	0.430091	0.396052
0.567636	0.608763	0.556829
0.612727	0.751702	0.649793
0.634640	0.808707	0.672716
0.589128	0.798497	0.659344
0.619048	0.740783	0.582935
0.605984	0.681651	0.498886
0.566372	0.680800	0.450812
0.562158	0.718520	0.438395
0.552465	0.788996	0.456224
0.631690	0.895491	0.515123
0.671302	0.980573	0.568927
0.516646	0.967102	0.550780
0.362832	0.852382	0.480420
0.274336	0.717385	0.360076
0.212389	0.580686	0.231773
0.182048	0.474759	0.163324
0.281079	0.471639	0.161095
0.485883	0.510210	0.217128
0.651496	0.608196	0.332378
0.638854	0.684203	0.453996
0.686894	0.694697	0.502069
0.583649	0.606920	0.484241
0.537295	0.482558	0.403693
0.538980	0.342172	0.313913
0.538559	0.231991	0.254059
0.638011	0.222632	0.251194
0.713443	0.269569	0.311366
0.790982	0.338627	0.432028
0.673409	0.417045	0.567017
0.683102	0.470363	0.630372
0.652339	0.436614	0.619230
0.431943	0.320618	0.551735
0.314791	0.178673	0.432028
0.357354	0.087068	0.367399
0.437842	0.080119	0.353709
0.506110	0.124929	0.386183
0.529288	0.207175	0.489016
0.572693	0.344441	0.654887
0.661188	0.437606	0.771729
0.686051	0.447816	0.763770
0.517488	0.368264	0.683540
0.421829	0.263046	0.546641
0.315634	0.160805	0.432983
0.274758	0.112167	0.404011
0.378003	0.139677	0.424706
0.379267	0.214549	0.478192
0.498104	0.353091	0.591213
0.550780	0.480006	0.682585
0.461020	0.502127	0.691818
0.371260	0.460011	0.641197
0.229667	0.359472	0.505572
0.218289	0.264464	0.368672
0.101981	0.243052	0.302133
0.118416	0.269711	0.315505
0.323641	0.361458	0.397007
0.464813	0.497448	0.535180
0.661188	0.633721	0.674626
0.763169	0.682360	0.695320
0.659081	0.610749	0.646928
0.533923	0.501560	0.548233
0.461863	0.372235	0.413244
0.359461	0.278077	0.345431
0.445006	0.263613	0.329831
0.501475	0.317499	0.358485
0.563000	0.415485	0.446355
0.632111	0.529921	0.567335
0.682680	0.596710	0.644062
0.771176	0.580545	0.659344
0.674673	0.508366	0.608087
0.527181	0.408111	0.496976
0.472398	0.339620	0.438714
0.531816	0.361458	0.425024
0.563422	0.427964	0.456543
0.668352	0.517300	0.549507
0.814159	0.628332	0.684814
0.960388	0.688599	0.780643
0.841129	0.660522	0.750398
0.665824	0.559983	0.663165
0.471976	0.442711	0.534225
0.344290	0.329410	0.423114
0.344290	0.278786	0.375995
0.456806	0.317357	0.375677
0.471976	0.401446	0.428526
0.595449	0.540981	0.564788
0.595449	0.670874	0.696275
0.651496	0.703488	0.749443
0.688580	0.633863	0.722700
0.571850	0.541265	0.637058
0.463127	0.477879	0.558421
0.426464	0.464407	0.513849
0.521703	0.520136	0.502388
0.566372	0.614719	0.522127
0.525495	0.734827	0.596307
0.521703	0.842456	0.663165
0.435735	0.832530	0.643107
0.298357	0.735111	0.564470
0.213232	0.568917	0.439669
0.142436	0.389818	0.320280
0.205647	0.298780	0.248329
0.332912	0.304736	0.231455
0.383481	0.382445	0.279529
0.485040	0.504396	0.381089
0.670038	0.635990	0.497931
0.747998	0.694129	0.552690
0.659503	0.650028	0.543457
0.596713	0.532615	0.474371
0.544880	0.396058	0.370264
0.505268	0.280062	0.290353
0.574378	0.237805	0.269341
0.684787	0.278503	0.297358
0.782554	0.361883	0.389366
0.808260	0.477737	0.530404
0.726085	0.556296	0.602674
0.569743	0.534600	0.574976
0.497261	0.447674	0.500478
0.397809	0.364152	0.416746
0.341761	0.288712	0.355938
0.383059	0.271838	0.347978
0.450063	0.342314	0.386183
0.453856	0.454481	0.450494
0.600506	0.607913	0.558739
0.595027	0.728020	0.620503
0.485461	0.741066	0.592168
0.375895	0.657119	0.504298
0.158871	0.517725	0.359121
0.095238	0.378191	0.226679
0.057311	0.312110	0.164597
0.122208	0.318917	0.171283
0.246523	0.392229	0.225724
0.362410	0.518293	0.327603
0.400759	0.648894	0.419930
0.415929	0.709870	0.434257
0.337126	0.675269	0.394460
0.206068	0.560976	0.275708
0.195112	0.440442	0.155365
0.230510	0.388542	0.097421
