0.232612	0.450622	0.249328
0.372102	0.811723	0.582789
0.400696	0.783304	0.537073
0.335394	0.466252	0.206300
0.327280	0.345648	0.045717
0.377512	0.536234	0.242028
0.467156	0.798757	0.525163
0.479521	0.799822	0.509028
0.338872	0.513321	0.205148
0.244590	0.313854	0.019977
0.407651	0.494849	0.188244
0.339258	0.754885	0.497503
0.391808	0.750977	0.535920
0.328439	0.454885	0.276604
0.232226	0.265542	0.091433
0.252705	0.412789	0.269689
0.391808	0.688988	0.643104
0.558733	0.744227	0.761045
0.471793	0.475311	0.486746
0.275502	0.234636	0.227814
0.470247	0.350622	0.342297
0.636012	0.646536	0.673070
0.768933	0.718650	0.761813
0.695131	0.473357	0.495966
0.466383	0.249023	0.229351
0.629444	0.381883	0.325394
0.768933	0.661812	0.642336
0.901082	0.782416	0.772954
0.726816	0.549556	0.513254
0.590417	0.297691	0.246254
0.564142	0.382238	0.334614
0.483771	0.677442	0.671533
0.392968	0.780639	0.823665
0.343122	0.548135	0.576642
0.149150	0.268739	0.269305
0.261978	0.333393	0.296581
0.369397	0.593250	0.563965
0.407651	0.704796	0.694583
0.200927	0.507460	0.458701
0.028980	0.239964	0.126777
0.166924	0.249023	0.108337
0.352782	0.527886	0.381867
0.442813	0.697336	0.533999
0.276662	0.512433	0.331925
0.216770	0.225044	0.044948
0.277048	0.238366	0.042259
0.364760	0.513677	0.327315
0.451700	0.693783	0.538225
0.458655	0.551332	0.413753
0.373261	0.261456	0.131387
0.408037	0.234813	0.108721
0.470634	0.497513	0.427584
0.572643	0.712966	0.712255
0.545595	0.593073	0.590857
0.384853	0.299289	0.281982
0.347373	0.233570	0.212447
0.535549	0.490053	0.479063
0.710587	0.722735	0.740684
0.688949	0.642629	0.648867
0.552164	0.343339	0.320784
0.564142	0.287389	0.224357
0.732998	0.526821	0.457933
0.893354	0.763766	0.720707
0.786321	0.696803	0.640415
0.555255	0.414032	0.308874
0.520479	0.301954	0.171725
0.619784	0.525044	0.390703
0.787481	0.785968	0.667307
0.702859	0.728064	0.616212
0.406105	0.418295	0.291971
0.348918	0.311190	0.129082
0.464065	0.524867	0.318479
0.516229	0.774956	0.593162
0.468315	0.753641	0.563580
0.322257	0.471226	0.226277
0.204405	0.297513	0.039570
0.312983	0.469805	0.205532
0.451314	0.735524	0.487130
0.464838	0.738011	0.475221
0.323416	0.476909	0.201306
0.179675	0.298934	0.046485
0.217929	0.458970	0.253554
0.354328	0.727353	0.597388
0.396059	0.750622	0.686900
0.246909	0.478686	0.402228
0.250000	0.277798	0.193239
0.382535	0.404973	0.341145
0.462133	0.692895	0.663081
0.536322	0.766785	0.744141
0.605487	0.515808	0.457549
0.505796	0.294849	0.206300
0.648764	0.414920	0.308106
0.792117	0.682948	0.608913
0.802550	0.764298	0.695736
0.677743	0.538366	0.444871
0.568006	0.310302	0.204764
0.606646	0.388455	0.301575
0.722952	0.673179	0.626585
0.730294	0.792718	0.784479
0.612442	0.562345	0.536688
0.459428	0.292362	0.242028
0.390649	0.357549	0.284672
0.309119	0.641208	0.591625
0.368624	0.769627	0.743373
0.431607	0.559680	0.520937
0.258887	0.259858	0.191318
0.323416	0.313677	0.184018
0.363601	0.597336	0.484057
0.404559	0.751155	0.688052
0.318393	0.569627	0.493277
0.218702	0.294139	0.201306
0.280139	0.273002	0.206300
0.350850	0.527531	0.512486
0.305255	0.709591	0.739531
0.403787	0.542451	0.572032
0.254250	0.254707	0.266616
0.302937	0.261101	0.230119
0.463678	0.516874	0.503650
0.641808	0.697513	0.716865
0.629057	0.561634	0.570111
0.467156	0.271403	0.231272
0.474498	0.231261	0.159431
0.558733	0.473890	0.452171
0.696291	0.711901	0.725317
0.671561	0.595737	0.598540
0.521252	0.285080	0.285440
0.484930	0.221314	0.194391
0.661128	0.461634	0.441030
0.721406	0.676554	0.715713
0.506955	0.591297	0.633884
0.496136	0.289165	0.284287
0.438949	0.192185	0.169036
0.395286	0.411545	0.409528
0.463678	0.646892	0.686900
0.490726	0.596980	0.609297
0.374807	0.310480	0.297733
0.301005	0.160213	0.159816
0.423879	0.373179	0.376873
0.508501	0.622913	0.685363
0.436631	0.579751	0.660776
0.256182	0.273535	0.334998
0.186244	0.141030	0.182866
0.268161	0.315453	0.391856
0.364760	0.573890	0.699577
0.340031	0.588632	0.717249
0.218702	0.308171	0.401844
0.176198	0.114387	0.185555
0.293663	0.268739	0.347292
0.415765	0.529840	0.650403
0.557573	0.569272	0.674222
0.448609	0.305151	0.381483
0.340417	0.122380	0.172877
0.423493	0.274067	0.335766
0.557187	0.556483	0.683442
0.602782	0.614387	0.774491
0.426584	0.365542	0.488283
0.238022	0.125577	0.245102
0.338485	0.228952	0.358433
0.548300	0.508526	0.679216
0.533230	0.589343	0.771033
0.378671	0.343872	0.506339
0.328053	0.097336	0.227430
0.407651	0.216696	0.315021
0.512751	0.500355	0.637726
0.567233	0.607638	0.767576
0.512751	0.377620	0.499424
0.452473	0.120604	0.210142
0.423107	0.182771	0.265463
0.513524	0.477620	0.565885
0.576507	0.617229	0.706108
0.433539	0.404618	0.487899
0.258114	0.122735	0.190549
0.213292	0.192362	0.214368
0.368238	0.466785	0.530926
0.531298	0.610657	0.732616
0.344668	0.407815	0.534768
0.129057	0.132504	0.237418
0.157651	0.136412	0.249328
0.208655	0.403552	0.570880
0.142581	0.578330	0.795620
0.200927	0.414565	0.620822
0.159196	0.136234	0.299270
0.163060	0.153108	0.281982
0.406878	0.418828	0.566270
0.464451	0.599822	0.773338
0.431607	0.468917	0.607376
0.409196	0.185258	0.268152
0.380603	0.124156	0.197080
0.506569	0.388632	0.474453
0.633694	0.612966	0.718402
0.557573	0.472114	0.572801
0.496909	0.177442	0.274299
0.387944	0.131972	0.198233
0.502318	0.366785	0.449481
0.581917	0.571758	0.712639
0.469861	0.481705	0.633116
0.396059	0.189165	0.295428
0.323802	0.089165	0.184403
0.442813	0.317762	0.426815
0.581917	0.566075	0.713792
0.354714	0.484902	0.652708
0.123648	0.186678	0.363427
0.140649	0.084192	0.255474
0.304869	0.304796	0.487130
0.421561	0.547957	0.786016
0.348532	0.493250	0.773338
0.117465	0.206572	0.453707
0.108578	0.053108	0.259700
0.308733	0.247425	0.456396
0.385626	0.518828	0.754514
0.357032	0.502487	0.731848
0.257728	0.226465	0.429504
0.234930	0.068917	0.238187
0.415379	0.257904	0.402612
0.589645	0.529485	0.699962
0.585394	0.541385	0.732616
0.458655	0.255773	0.423358
0.370556	0.090408	0.217441
0.420788	0.254707	0.373031
0.539799	0.516874	0.681906
0.522025	0.554707	0.736458
0.310278	0.314920	0.468306
0.188949	0.102842	0.237803
0.367079	0.239964	0.373415
0.445131	0.509591	0.709950
0.518161	0.554529	0.811756
0.418856	0.304440	0.558970
0.290572	0.092540	0.324241
0.360510	0.180817	0.429504
0.499614	0.456128	0.755282
0.503864	0.559680	0.880907
0.403787	0.328597	0.611218
0.301005	0.080462	0.307338
0.273184	0.172647	0.381099
0.438176	0.447780	0.695352
0.469474	0.564831	0.834038
0.428903	0.348668	0.587399
0.338485	0.090231	0.307338
0.283230	0.131616	0.367269
0.388331	0.414387	0.698809
0.491886	0.552398	0.887053
0.299073	0.350089	0.664234
0.000000	0.082060	0.339608
0.183153	0.128774	0.360353
0.363215	0.387567	0.673070
0.381762	0.533215	0.855167
0.225270	0.360746	0.656550
0.066461	0.074067	0.312716
0.190881	0.072291	0.264310
0.375580	0.346004	0.541683
