0.447435	0.645438	0.258245
0.437342	0.667530	0.279152
0.423886	0.694804	0.296231
0.403701	0.709669	0.299470
0.366134	0.687986	0.271790
0.330249	0.652121	0.232332
0.321278	0.625256	0.199058
0.345669	0.616392	0.181979
0.382394	0.617755	0.183157
0.417718	0.631529	0.218198
0.454724	0.650075	0.267079
0.499019	0.666712	0.306832
0.549201	0.675849	0.326266
0.594617	0.670940	0.335689
0.622091	0.635620	0.333333
0.639193	0.589390	0.326561
0.654051	0.554480	0.321555
0.670872	0.541934	0.324499
0.689375	0.542616	0.338045
0.716288	0.559116	0.374264
0.739277	0.579708	0.414900
0.740398	0.589527	0.432862
0.714326	0.581208	0.419906
0.669470	0.561571	0.397527
0.604429	0.527751	0.376620
0.535744	0.491886	0.358363
0.485562	0.468294	0.344817
0.458368	0.462021	0.338045
0.442389	0.468976	0.343345
0.435941	0.493932	0.372497
0.428932	0.519160	0.398999
0.407345	0.520796	0.391932
0.372582	0.501159	0.353946
0.337819	0.477567	0.313899
0.310625	0.459839	0.287102
0.294365	0.448111	0.269435
0.296608	0.446202	0.262367
0.314830	0.454112	0.267373
0.346229	0.475658	0.292403
0.388281	0.510432	0.338928
0.438464	0.534842	0.378386
0.496215	0.522978	0.380153
0.551724	0.494477	0.367491
0.586207	0.469249	0.362780
0.603308	0.453839	0.371908
0.623493	0.447429	0.391932
0.663863	0.453293	0.424617
0.709840	0.468976	0.464664
0.753574	0.500750	0.513840
0.790580	0.534842	0.560660
0.809083	0.545207	0.585689
0.803196	0.517114	0.576855
0.797028	0.482067	0.560954
0.813008	0.464067	0.557715
0.841043	0.458612	0.565666
0.872161	0.464748	0.589223
0.901878	0.481113	0.626325
0.932997	0.504568	0.664605
0.967760	0.534979	0.694641
0.992991	0.559116	0.714075
0.989347	0.555025	0.710542
0.960471	0.528160	0.688752
0.928231	0.502932	0.663133
0.906925	0.495977	0.642521
0.885898	0.500614	0.631331
0.855341	0.518751	0.645171
0.817774	0.545479	0.672556
0.780207	0.574935	0.692874
0.746566	0.602209	0.692874
0.709560	0.617346	0.681979
0.659658	0.600027	0.659600
0.608635	0.567298	0.632509
0.573872	0.541661	0.607774
0.564620	0.535797	0.592167
0.573591	0.543025	0.588928
0.603588	0.569753	0.611013
0.641996	0.602891	0.638104
0.674516	0.627301	0.646349
0.691618	0.635893	0.626914
0.689655	0.631120	0.593640
0.652369	0.606300	0.549470
0.608074	0.576435	0.503534
0.583964	0.557616	0.467314
0.590692	0.554616	0.445819
0.627698	0.564571	0.442580
0.708438	0.592118	0.468492
0.805439	0.620755	0.498233
0.904401	0.629756	0.502945
0.982618	0.618846	0.482627
1.000000	0.599891	0.458775
0.910569	0.578208	0.443463
0.800392	0.559253	0.434923
0.771517	0.552434	0.434629
0.796748	0.557753	0.442580
0.807401	0.575753	0.462309
0.767031	0.607800	0.494700
0.717690	0.633847	0.518551
0.686291	0.629210	0.504123
0.668349	0.605755	0.469376
0.657135	0.581072	0.438163
0.650126	0.563753	0.424028
0.653490	0.553252	0.420495
0.673115	0.554343	0.434040
0.698346	0.564571	0.456714
0.715728	0.587890	0.485277
0.721615	0.618164	0.513251
0.724418	0.635074	0.528858
0.730306	0.616255	0.517079
0.730866	0.584072	0.495289
0.714045	0.557344	0.478504
0.685450	0.540843	0.470848
0.663302	0.534842	0.474382
0.661060	0.543161	0.492638
0.664704	0.558707	0.512956
0.671993	0.580117	0.522379
0.671713	0.599073	0.518551
0.648164	0.599482	0.498822
0.585085	0.568253	0.459658
0.517802	0.531433	0.415194
0.479394	0.511114	0.376325
0.463975	0.506614	0.348057
0.460050	0.516842	0.339517
0.462854	0.542616	0.355713
0.468461	0.570299	0.371908
0.474348	0.589800	0.364547
0.474068	0.597300	0.343051
0.454163	0.582163	0.318610
0.412952	0.544116	0.297409
0.382394	0.508932	0.282980
0.388842	0.499795	0.280919
0.419680	0.505250	0.292992
0.471545	0.521342	0.329505
0.536025	0.542616	0.385159
0.598262	0.559662	0.431095
0.641716	0.563071	0.442285
0.672554	0.556116	0.438752
0.687132	0.534842	0.434335
0.692459	0.506750	0.432862
0.704514	0.485340	0.433451
0.733950	0.481795	0.439046
0.769835	0.489977	0.453180
0.809083	0.513978	0.490283
0.844127	0.542206	0.534452
0.861508	0.554480	0.558009
0.853939	0.540161	0.547114
0.830950	0.517114	0.527974
0.792823	0.493932	0.516490
0.751612	0.474294	0.510601
0.726381	0.463385	0.511484
0.718531	0.464067	0.520613
0.710681	0.476749	0.542697
0.692459	0.507296	0.585689
0.665826	0.535661	0.623969
0.629100	0.532933	0.621614
0.584805	0.505932	0.587750
0.536585	0.478113	0.552709
0.488085	0.462294	0.532686
0.460331	0.454657	0.523263
0.481637	0.457657	0.524735
0.535464	0.469658	0.536514
0.605831	0.491886	0.562721
0.680684	0.520115	0.598940
0.742360	0.536206	0.624264
0.765349	0.519433	0.615724
0.773759	0.490931	0.595406
0.791141	0.469385	0.584217
0.817494	0.459430	0.585984
0.839080	0.460248	0.600412
0.849453	0.475249	0.631331
0.853939	0.498841	0.666372
0.858985	0.533479	0.699352
0.859265	0.566617	0.721731
0.843005	0.576299	0.721143
0.804037	0.549161	0.688752
0.758901	0.517524	0.648115
0.717970	0.507841	0.616019
0.684889	0.514387	0.594817
0.669190	0.533615	0.591284
0.672834	0.563207	0.607185
0.675077	0.594982	0.619258
0.661060	0.622801	0.606302
0.632184	0.641211	0.575972
0.582843	0.636438	0.529446
0.518082	0.610255	0.471437
0.464256	0.584345	0.415783
0.443230	0.574935	0.375147
0.446874	0.577526	0.352473
0.475470	0.597573	0.366902
0.523129	0.628392	0.406949
0.578077	0.655939	0.441402
0.631343	0.669576	0.448763
0.675357	0.670258	0.445524
0.692178	0.647075	0.437574
0.693580	0.612846	0.429034
0.698907	0.587618	0.422850
0.719372	0.583936	0.424323
0.743202	0.592527	0.436101
0.766190	0.615710	0.473204
0.781889	0.642438	0.515312
0.778525	0.655803	0.533274
0.752173	0.648984	0.516490
0.714326	0.633438	0.490577
0.666667	0.612710	0.470259
0.627138	0.592663	0.454653
0.619288	0.581481	0.444346
0.645921	0.582026	0.440813
0.694421	0.594436	0.450530
0.761144	0.623756	0.480860
0.827586	0.650484	0.511190
0.867396	0.648575	0.514429
0.883656	0.624165	0.497939
0.891786	0.597027	0.484099
0.898794	0.577799	0.485277
0.904682	0.562935	0.493522
0.915055	0.552571	0.506478
0.925147	0.548616	0.525618
0.932717	0.558980	0.556537
0.933277	0.583254	0.598940
0.918979	0.595391	0.626325
0.875245	0.567026	0.610719
0.817494	0.521887	0.574794
0.760863	0.484931	0.542697
0.710962	0.462839	0.522085
0.666667	0.449748	0.510306
0.631343	0.446611	0.513251
0.601065	0.450839	0.520907
0.578638	0.466521	0.528563
0.555649	0.483158	0.530330
0.514999	0.479204	0.514429
0.444071	0.437747	0.471143
0.374544	0.389609	0.422556
0.335296	0.359062	0.386042
0.323241	0.344334	0.365430
0.336697	0.343379	0.369552
0.373143	0.355925	0.401649
0.416877	0.373653	0.439635
0.453602	0.392200	0.468787
0.484441	0.402427	0.487927
0.506868	0.384699	0.489694
0.520325	0.343243	0.477621
0.524811	0.304923	0.467020
0.516120	0.288695	0.469376
0.514438	0.286922	0.485277
0.550603	0.301105	0.525913
0.606953	0.324697	0.579211
0.653771	0.349243	0.625442
0.673395	0.367926	0.653710
0.676759	0.373244	0.669611
0.661060	0.349380	0.670789
0.635828	0.316242	0.665783
0.612560	0.297968	0.663428
0.596299	0.299741	0.669611
0.590692	0.316787	0.693757
0.600224	0.350198	0.744700
0.615643	0.386336	0.794170
0.631623	0.412110	0.812132
0.641435	0.425065	0.807126
0.631623	0.418383	0.790047
0.601065	0.393291	0.767079
0.580039	0.370790	0.747055
0.592375	0.367244	0.739105
0.622932	0.377881	0.745878
0.662181	0.407473	0.782980
0.706756	0.447157	0.834806
0.752173	0.480295	0.871319
0.793103	0.496795	0.873380
0.819736	0.499523	0.859835
0.814690	0.480704	0.836867
0.795907	0.455612	0.809482
0.785254	0.441293	0.784452
0.788057	0.444157	0.765901
0.788057	0.459021	0.758245
0.774881	0.488204	0.771201
0.761704	0.519160	0.781508
0.764788	0.538388	0.758834
0.776283	0.543843	0.710836
0.772638	0.533615	0.658127
0.740398	0.505523	0.612191
0.715728	0.478385	0.575972
0.735071	0.470612	0.556832
0.776283	0.478249	0.554476
0.808803	0.500068	0.576855
0.821138	0.532524	0.619847
0.831231	0.557344	0.653121
0.851135	0.556389	0.645465
0.862630	0.540161	0.620436
0.836557	0.511932	0.597762
0.785254	0.479476	0.580978
0.743482	0.455884	0.570671
0.731707	0.451384	0.569788
0.736473	0.459157	0.581567
0.761144	0.483704	0.620436
0.786936	0.510296	0.664017
0.784973	0.516705	0.676973
0.745164	0.495295	0.648704
0.700308	0.466521	0.610719
0.671713	0.440884	0.582155
0.650687	0.422065	0.559187
0.631904	0.419201	0.543286
0.615083	0.432020	0.536514
0.597140	0.458339	0.543286
0.577516	0.497750	0.568316
0.552565	0.530206	0.584217
0.516400	0.528433	0.555654
0.474629	0.507432	0.504417
0.432016	0.488477	0.462014
0.395290	0.480567	0.440813
0.380712	0.480022	0.435512
0.409588	0.489022	0.449058
0.458649	0.506068	0.475265
0.505747	0.536888	0.512367
0.548640	0.571117	0.550648
0.590973	0.585163	0.570377
0.632745	0.562253	0.556243
0.671713	0.529251	0.533863
0.704794	0.506068	0.522968
0.736754	0.492977	0.522968
0.779366	0.490931	0.532686
0.834034	0.501159	0.553887
0.871320	0.519433	0.580094
0.862069	0.548070	0.610424
0.829829	0.570435	0.635159
0.793103	0.560753	0.636631
0.761985	0.520524	0.617491
0.742921	0.480567	0.598351
0.746846	0.460248	0.592756
0.760863	0.452884	0.599529
0.776002	0.461885	0.628092
0.788898	0.480431	0.669022
0.797589	0.501023	0.707892
0.798710	0.516842	0.735277
0.789459	0.519024	0.748528
0.765069	0.490931	0.734393
0.732829	0.452066	0.709364
0.703392	0.425337	0.690518
0.678161	0.417428	0.684923
0.652649	0.421928	0.693168
0.624334	0.440065	0.722320
0.596860	0.462839	0.752356
0.577236	0.483840	0.759717
0.559294	0.496795	0.745878
0.526493	0.490795	0.715548
0.470143	0.458339	0.670200
0.421643	0.423428	0.622203
0.410709	0.407609	0.582744
0.427250	0.408019	0.555948
0.460611	0.425883	0.556243
0.505467	0.459294	0.582450
0.550042	0.490386	0.603651
0.582843	0.504159	0.589812
0.603308	0.503205	0.559482
0.604710	0.479885	0.525324
0.592094	0.443202	0.491755
0.577516	0.413746	0.460836
0.570507	0.406655	0.435218
0.574993	0.412655	0.421673
0.603588	0.433520	0.436396
0.645360	0.458884	0.462014
0.683487	0.473340	0.472615
0.708438	0.468976	0.456419
0.719652	0.452748	0.434629
0.705915	0.423565	0.418139
0.687973	0.393291	0.408716
0.692178	0.376517	0.410777
0.717970	0.376108	0.426973
0.752453	0.388927	0.461720
0.788618	0.416201	0.521496
0.814971	0.441702	0.577739
0.814690	0.444838	0.595995
0.793103	0.432156	0.589517
0.756378	0.412791	0.580094
0.709279	0.391927	0.578327
0.666386	0.377335	0.579505
0.643958	0.377744	0.585689
0.629100	0.390427	0.599234
0.611158	0.422337	0.633687
0.589571	0.462021	0.674617
0.566302	0.485886	0.690224
0.542473	0.479204	0.661072
0.510793	0.461748	0.618964
0.459209	0.444838	0.584806
0.406224	0.431201	0.557420
0.377909	0.425474	0.537397
0.376226	0.430110	0.526796
0.380432	0.446884	0.532686
0.378469	0.480976	0.563310
0.379871	0.509887	0.591873
0.389403	0.505932	0.583039
0.406504	0.479749	0.553004
0.428091	0.450020	0.528269
0.452481	0.426156	0.521496
0.481077	0.408837	0.523852
0.513597	0.405018	0.534747
0.549481	0.411019	0.554770
0.593216	0.431338	0.592756
0.638071	0.456839	0.637809
0.664143	0.464339	0.660777
0.656294	0.435156	0.638693
0.640875	0.396427	0.602768
0.638912	0.367789	0.574794
0.649285	0.350334	0.557715
0.667788	0.344061	0.558304
0.692739	0.350607	0.579505
0.720493	0.366698	0.612191
0.749369	0.396700	0.656066
0.771236	0.421792	0.694346
0.774601	0.413610	0.699352
0.761704	0.376926	0.675206
0.746566	0.341743	0.649882
0.738155	0.325651	0.639576
0.733109	0.321424	0.642521
0.729745	0.329879	0.666078
0.731988	0.348561	0.702886
0.750771	0.377472	0.744405
0.786375	0.412382	0.782391
0.804037	0.431474	0.805065
0.769274	0.408837	0.793286
0.714606	0.372290	0.768257
0.674797	0.350470	0.750295
0.650126	0.346379	0.743816
0.625736	0.353607	0.750589
0.595739	0.370653	0.772968
0.567984	0.394791	0.798881
0.549481	0.427110	0.819788
0.534343	0.453975	0.828916
0.513877	0.450293	0.811837
0.489207	0.415655	0.769729
0.477993	0.381836	0.725265
0.493692	0.369971	0.694346
0.525652	0.371199	0.676384
0.570788	0.384154	0.682273
0.618727	0.405428	0.700825
0.654892	0.431883	0.714664
0.670031	0.459021	0.712898
0.670031	0.469794	0.696702
0.654612	0.441838	0.656066
0.623773	0.400109	0.606890
0.574432	0.370790	0.565077
0.513316	0.358516	0.536514
0.458088	0.358380	0.525913
0.421923	0.371335	0.540342
0.395010	0.388927	0.558304
0.374544	0.406109	0.559187
0.355761	0.415246	0.546231
0.324643	0.401473	0.524146
0.277824	0.359198	0.495289
0.248388	0.316242	0.469376
0.268293	0.294013	0.454653
0.313709	0.286513	0.454358
0.362209	0.294013	0.481449
0.408186	0.311469	0.527385
0.458368	0.327424	0.567727
0.513877	0.333424	0.583333
0.562377	0.326197	0.586572
0.587048	0.291831	0.579211
0.597421	0.245875	0.568610
0.605270	0.211646	0.560365
0.617886	0.199782	0.560954
0.638071	0.202782	0.576855
0.676479	0.223647	0.621614
0.712083	0.248602	0.669611
0.721895	0.261966	0.688163
0.708158	0.261557	0.682273
0.680964	0.243693	0.669906
0.645921	0.206600	0.659011
0.608354	0.172508	0.652827
0.574152	0.161053	0.656360
0.553406	0.165826	0.673734
0.572470	0.187781	0.720848
0.617325	0.218874	0.784452
0.649285	0.244647	0.834511
0.645641	0.255284	0.852179
0.617045	0.250920	0.854240
0.554528	0.222556	0.845701
0.485001	0.187918	0.832155
0.445753	0.169508	0.820083
0.437062	0.170053	0.815371
0.438183	0.185327	0.831567
0.440146	0.214101	0.878092
0.438464	0.243147	0.920200
0.424727	0.259512	0.926678
0.402860	0.262376	0.909894
0.373703	0.243147	0.881037
0.344547	0.208509	0.846879
0.335576	0.181645	0.816254
0.362489	0.179599	0.797409
0.408466	0.193782	0.794759
0.465377	0.227465	0.825677
0.521447	0.268376	0.869552
0.556770	0.299059	0.893698
0.564059	0.310787	0.887220
0.560976	0.308878	0.869552
0.556490	0.289240	0.848645
0.548640	0.267967	0.827739
0.535744	0.262921	0.812132
0.522007	0.274376	0.806537
0.516400	0.300832	0.822733
0.523129	0.340925	0.863958
0.526493	0.378835	0.897527
0.515279	0.398882	0.892226
0.492851	0.404746	0.864252
0.458088	0.393427	0.825677
0.418839	0.371335	0.784158
0.394449	0.355925	0.742049
0.398094	0.359335	0.705242
0.426409	0.376790	0.682568
0.487524	0.414564	0.695819
0.565461	0.457521	0.722909
0.638352	0.483022	0.729682
0.694421	0.480840	0.703769
0.737034	0.467612	0.672850
0.760022	0.449475	0.651943
0.775161	0.432974	0.638104
0.796748	0.427929	0.630153
0.824222	0.435838	0.630153
0.851416	0.456839	0.646054
0.876086	0.492568	0.682862
0.887300	0.523115	0.710247
0.869078	0.524615	0.693463
0.828988	0.507432	0.648999
0.771236	0.485477	0.599529
0.703672	0.465839	0.557420
0.644799	0.451793	0.523557
0.616765	0.449884	0.507067
0.606672	0.457794	0.504711
0.605270	0.480976	0.525618
0.610877	0.510569	0.558304
0.624895	0.523387	0.576561
0.647042	0.501432	0.560365
0.668068	0.468839	0.537397
0.671433	0.442520	0.528563
0.668909	0.424383	0.533569
0.676198	0.415792	0.549470
0.701149	0.418928	0.577150
0.734511	0.431474	0.613369
0.777124	0.458612	0.662544
0.812728	0.483431	0.707597
0.817494	0.480158	0.719965
0.789179	0.448520	0.700236
0.747126	0.415792	0.674617
0.701710	0.399154	0.659894
0.659938	0.393018	0.652532
0.640594	0.399427	0.659305
0.635548	0.415655	0.674912
0.633586	0.440065	0.692285
0.627138	0.470476	0.706125
0.608915	0.488613	0.705242
0.563779	0.468976	0.669906
0.505186	0.432292	0.618080
0.446594	0.404882	0.573616
0.399215	0.396427	0.545642
0.378469	0.400382	0.535336
0.407345	0.418928	0.550942
0.457247	0.444838	0.577444
0.504906	0.474022	0.602768
0.542473	0.498704	0.621025
0.563779	0.501432	0.624264
0.560976	0.469521	0.605713
0.554808	0.432974	0.582155
0.563779	0.418928	0.567138
0.587609	0.423292	0.562721
0.626297	0.440747	0.577444
0.679002	0.468430	0.612485
0.729184	0.497477	0.642815
0.763387	0.520933	0.648115
0.777404	0.533888	0.635454
0.758060	0.522433	0.605418
0.710681	0.492295	0.565077
0.663022	0.466521	0.524146
0.633866	0.462157	0.493816
0.614802	0.471567	0.474676
0.608354	0.497341	0.482332
0.604710	0.530751	0.501472
0.587609	0.559662	0.502945
0.549201	0.575617	0.470848
0.502663	0.576981	0.425795
0.457527	0.553116	0.376325
0.412952	0.521206	0.327739
0.362489	0.502659	0.285041
0.313148	0.504023	0.253828
0.290160	0.518205	0.244700
0.318755	0.546025	0.273263
0.368096	0.574935	0.310365
0.409307	0.590754	0.325088
0.444351	0.591845	0.322144
0.486683	0.575890	0.317727
0.542192	0.541388	0.319788
0.600224	0.508387	0.326561
0.652930	0.496523	0.339223
0.703112	0.500614	0.362191
0.757499	0.521615	0.405477
0.812728	0.553934	0.465253
0.846089	0.577663	0.512367
0.834875	0.572344	0.517373
0.802355	0.553798	0.505006
0.766470	0.532388	0.495583
0.733109	0.513296	0.492933
0.703953	0.501159	0.495289
0.682927	0.501705	0.503828
0.670872	0.513432	0.522968
0.672274	0.545479	0.567727
0.681805	0.582981	0.619258
0.690496	0.600164	0.648115
0.693860	0.583663	0.636926
0.697505	0.558434	0.616019
0.703392	0.537979	0.603946
0.712924	0.523933	0.598645
0.730306	0.520524	0.600412
0.753855	0.529115	0.609246
0.772638	0.548207	0.623675
0.777965	0.581617	0.647821
0.776283	0.608755	0.663133
0.767872	0.598800	0.640459
0.759181	0.562253	0.592462
0.763106	0.526115	0.544759
0.788338	0.505250	0.513545
0.815531	0.494204	0.494994
0.828427	0.496386	0.496466
0.830950	0.507296	0.509717
0.830109	0.525706	0.527680
0.826465	0.546707	0.544759
0.805999	0.552980	0.551237
0.752733	0.521751	0.532980
0.689655	0.476885	0.505595
0.642276	0.440338	0.485277
0.613681	0.419201	0.477032
0.594617	0.410882	0.482038
0.582002	0.418655	0.505006
0.570507	0.434338	0.532097
0.557892	0.455202	0.550648
0.535464	0.471158	0.557715
0.488085	0.462839	0.549176
0.404822	0.417019	0.520907
0.321839	0.367789	0.489399
0.270816	0.342425	0.463192
0.244743	0.335743	0.448174
0.234931	0.344197	0.454653
0.239137	0.364653	0.482627
0.258200	0.385518	0.508245
0.295767	0.397382	0.511779
0.338099	0.396836	0.503828
0.365013	0.368744	0.491166
0.379871	0.322378	0.477621
0.398654	0.282695	0.467020
0.431455	0.266603	0.462898
0.468741	0.264694	0.470848
0.506027	0.278467	0.505300
0.542192	0.298241	0.548292
0.582002	0.311060	0.571555
0.620129	0.310105	0.566549
0.635828	0.291695	0.550353
0.605551	0.246148	0.529741
0.559854	0.195827	0.510895
0.526493	0.165553	0.500295
0.508551	0.154643	0.502356
0.507990	0.159280	0.527974
0.527053	0.177554	0.580683
0.553126	0.194600	0.628975
0.580600	0.196782	0.643993
0.600224	0.185054	0.641048
0.592094	0.150825	0.629564
0.563779	0.103368	0.616608
0.538548	0.066548	0.609541
0.530698	0.056457	0.615136
0.540791	0.061094	0.638398
0.580880	0.080595	0.693463
0.627979	0.103368	0.755300
0.648444	0.115505	0.788869
0.638352	0.112914	0.790931
0.610317	0.094641	0.781213
0.569106	0.058639	0.768257
0.533782	0.024547	0.756773
0.527334	0.012682	0.749411
0.538828	0.017455	0.754123
0.553967	0.036411	0.790636
0.568825	0.063276	0.849529
0.587889	0.086322	0.896054
0.610877	0.096004	0.907538
0.617606	0.090959	0.903121
0.576955	0.060003	0.890165
0.521727	0.021410	0.874558
0.498458	0.000000	0.865724
0.511915	0.000818	0.868080
0.535744	0.016501	0.890459
0.557611	0.046502	0.942285
0.570788	0.077049	0.989988
0.564900	0.094504	1.000000
0.542192	0.097777	0.982332
0.499860	0.080595	0.947880
0.444631	0.047048	0.903121
0.404822	0.020455	0.856596
0.404542	0.017319	0.815666
0.407625	0.030274	0.791225
0.372021	0.063003	0.806537
0.323802	0.102277	0.839812
0.315391	0.129279	0.854829
0.349593	0.136643	0.841284
0.362770	0.127915	0.817727
0.313148	0.100914	0.790047
0.257359	0.073094	0.764134
0.247267	0.062048	0.744994
0.265209	0.066821	0.738810
0.287356	0.089731	0.763251
0.307541	0.126551	0.811249
0.333614	0.160235	0.849234
0.367536	0.178917	0.852179
0.390244	0.182326	0.836867
0.372302	0.160371	0.808893
0.338940	0.128460	0.775324
0.330810	0.109914	0.743522
0.355481	0.112778	0.719081
0.381553	0.131461	0.711131
0.391926	0.168689	0.731154
0.394729	0.207828	0.750295
0.392206	0.232101	0.734688
0.386319	0.241102	0.695819
0.382114	0.231283	0.651649
0.382394	0.204964	0.610424
0.391926	0.183281	0.577444
0.415756	0.183417	0.560954
0.447154	0.197736	0.561837
0.480796	0.226647	0.595406
0.516120	0.262239	0.643993
0.556490	0.292650	0.675795
0.600785	0.309423	0.674912
0.627138	0.311196	0.662839
0.610597	0.287604	0.646643
0.579479	0.259512	0.631331
0.561536	0.251057	0.621025
0.557611	0.261557	0.620730
0.562377	0.286377	0.641932
0.574432	0.323060	0.689046
0.590132	0.356880	0.728799
0.605831	0.373926	0.731743
0.617606	0.378426	0.716137
0.610597	0.366017	0.696702
0.594337	0.345970	0.677267
0.589571	0.334924	0.659305
0.608354	0.343925	0.645760
0.629380	0.366017	0.644876
0.638912	0.403518	0.674912
0.640594	0.444429	0.708481
0.637230	0.478249	0.722026
0.630221	0.495841	0.695230
0.624334	0.495159	0.647232
