0.350425	0.401572	0.031294
0.487260	0.445815	0.023094
0.519975	0.592724	0.052126
0.552690	0.756282	0.101235
0.591381	0.788808	0.113771
0.407046	0.632187	0.074842
0.316452	0.503931	0.037233
0.541680	0.522738	0.030917
0.665618	0.604902	0.052974
0.533501	0.758286	0.101518
0.450771	0.806536	0.113489
0.166090	0.666101	0.073145
0.329034	0.490057	0.027147
0.396980	0.446740	0.000000
0.447940	0.497456	0.003205
0.477509	0.638354	0.041663
0.447625	0.710652	0.077293
0.357031	0.611068	0.058912
0.347908	0.441036	0.019700
0.535703	0.404039	0.008860
0.492293	0.503160	0.031765
0.616231	0.672884	0.082289
0.498899	0.828889	0.134037
0.642340	0.785725	0.133943
0.482542	0.607831	0.088793
0.521862	0.506706	0.054953
0.583517	0.541699	0.056179
0.690154	0.649607	0.083043
0.735766	0.794975	0.128759
0.538849	0.800832	0.139504
0.377792	0.614922	0.097653
0.450771	0.440419	0.056744
0.443221	0.443811	0.046847
0.631960	0.517342	0.072014
0.641082	0.622630	0.117542
0.437244	0.634962	0.136017
0.266751	0.433482	0.093977
0.307959	0.224603	0.039400
0.281221	0.167566	0.017627
0.258257	0.221828	0.032520
0.551117	0.339140	0.080969
0.578798	0.386928	0.114431
0.445109	0.243102	0.087096
0.462724	0.036689	0.043265
0.549544	0.000000	0.029409
0.681975	0.113766	0.056462
0.734822	0.331586	0.132246
0.684492	0.508093	0.197003
0.570934	0.477416	0.197568
0.346335	0.294897	0.149496
0.402013	0.219670	0.106231
0.417741	0.314013	0.105005
0.558037	0.505627	0.141107
0.513684	0.701711	0.193515
0.385656	0.718051	0.201998
0.230261	0.571296	0.154774
0.294118	0.471096	0.114525
0.469645	0.482349	0.098218
0.508021	0.585170	0.114148
0.480654	0.738400	0.150250
0.340044	0.776168	0.160241
0.302611	0.624480	0.118202
0.001258	0.480499	0.067207
0.340044	0.481887	0.051371
0.645486	0.572992	0.071543
0.668764	0.715431	0.128853
0.624410	0.778480	0.166085
0.347279	0.618159	0.127627
0.183391	0.407276	0.078330
0.562756	0.366117	0.056367
0.729475	0.454602	0.073334
0.592010	0.630183	0.123763
0.732620	0.773701	0.180036
0.648317	0.722368	0.174380
0.476880	0.557423	0.130455
0.599560	0.471404	0.100009
0.576911	0.530137	0.101518
0.708713	0.663635	0.139787
0.732935	0.842454	0.204166
0.620006	0.808540	0.199925
0.413652	0.576538	0.134980
0.492922	0.437490	0.082760
0.539163	0.447048	0.064851
0.408619	0.559735	0.079932
0.489462	0.734084	0.123386
0.293489	0.769385	0.139221
0.407990	0.595807	0.098313
0.276188	0.413442	0.042134
0.379050	0.379528	0.017627
0.604907	0.468630	0.037704
0.695502	0.641128	0.090678
0.626298	0.774010	0.131209
0.209500	0.651765	0.103874
0.395407	0.485741	0.062117
0.449512	0.445815	0.046376
0.618434	0.526900	0.061834
0.512111	0.682904	0.112829
0.743630	0.814090	0.163352
0.668449	0.744412	0.158073
0.565901	0.554185	0.111132
0.625039	0.456451	0.074936
0.681346	0.495761	0.070600
0.655552	0.643749	0.102272
0.695502	0.797133	0.146479
0.547657	0.771543	0.142426
0.463353	0.573609	0.092374
0.548600	0.430708	0.052408
0.433784	0.445044	0.049486
0.598301	0.547865	0.079178
0.630072	0.704486	0.134980
0.701164	0.755819	0.166934
0.463668	0.563897	0.117165
0.470588	0.413442	0.068998
0.658698	0.411438	0.051466
0.631645	0.517188	0.066830
0.662787	0.711577	0.118579
0.614344	0.818714	0.162504
0.471532	0.659935	0.115845
0.409877	0.503314	0.064945
0.551746	0.457530	0.039778
0.496382	0.524433	0.045433
0.526895	0.667026	0.090112
0.671280	0.769693	0.129513
0.509909	0.683983	0.113960
0.477509	0.481733	0.070600
0.404530	0.398798	0.047130
0.549858	0.433482	0.059101
0.739855	0.539386	0.100009
0.736395	0.663018	0.152324
0.575967	0.605519	0.152701
0.377477	0.380762	0.103591
0.267065	0.258517	0.069846
0.600818	0.306767	0.073994
0.743001	0.432095	0.115374
0.810003	0.615539	0.177114
0.537905	0.659781	0.201244
0.294118	0.503468	0.168630
0.588864	0.389394	0.136299
0.785782	0.410513	0.136205
0.800566	0.539078	0.170139
0.791444	0.702944	0.231030
0.816294	0.774164	0.262230
0.581944	0.663789	0.231030
0.496697	0.492061	0.172872
0.486946	0.471250	0.137336
0.412079	0.551256	0.135168
0.569361	0.724680	0.163540
0.431268	0.819639	0.185503
0.240013	0.696007	0.142898
0.074866	0.488053	0.081535
0.246618	0.408509	0.047695
0.327147	0.455681	0.052503
0.517458	0.569909	0.086153
0.564014	0.686141	0.127722
0.184335	0.615230	0.119333
0.029884	0.404810	0.065133
0.313621	0.291198	0.026016
0.342246	0.328041	0.020643
0.497955	0.492678	0.054671
0.559295	0.678742	0.112734
0.429695	0.707569	0.125742
0.164517	0.548327	0.089641
0.257943	0.417604	0.052408
0.269582	0.408509	0.042888
0.476880	0.515801	0.067961
0.568418	0.655156	0.118202
0.552690	0.717127	0.140918
0.390060	0.558039	0.100858
0.253853	0.380299	0.052785
0.617175	0.360413	0.045622
0.702108	0.440573	0.059007
0.588235	0.541853	0.092280
0.497012	0.591491	0.113206
0.346964	0.459226	0.078330
0.379050	0.268383	0.030729
0.415854	0.232002	0.009709
0.379994	0.328811	0.024979
0.417741	0.496223	0.076350
0.452029	0.648065	0.128947
0.447625	0.599198	0.129890
0.519975	0.410667	0.090678
0.550488	0.293202	0.062871
0.624096	0.328195	0.068904
0.625039	0.456297	0.111980
0.822586	0.609835	0.171835
0.712488	0.620626	0.190593
0.575338	0.467705	0.152795
0.409877	0.349160	0.120370
0.622523	0.407122	0.122537
0.700535	0.514105	0.159676
0.562126	0.676738	0.213121
0.610569	0.691074	0.226129
0.429380	0.485124	0.175040
0.410192	0.307538	0.120841
0.379679	0.308463	0.108021
0.609626	0.398027	0.125554
0.600189	0.549715	0.169196
0.585719	0.647295	0.192761
0.498899	0.579775	0.165991
0.474992	0.450285	0.118579
0.449512	0.418375	0.094071
0.364580	0.507939	0.103874
0.566530	0.652073	0.138656
0.500786	0.758132	0.174475
0.325889	0.648374	0.148459
0.000000	0.413751	0.091432
0.234350	0.300139	0.050712
0.402957	0.319870	0.052220
0.622523	0.453522	0.091620
0.604907	0.628334	0.151287
0.519660	0.640820	0.167594
0.433784	0.506089	0.135074
0.558037	0.433174	0.108870
0.735766	0.509789	0.116316
0.819440	0.675967	0.160524
0.982384	0.856174	0.221604
0.718465	0.863882	0.236780
0.410506	0.677817	0.191158
0.495124	0.479575	0.137242
0.597358	0.426083	0.114902
0.764391	0.494990	0.129324
0.754954	0.614922	0.177868
0.658069	0.652073	0.202658
0.454231	0.488207	0.164294
0.496382	0.306459	0.112263
0.500786	0.272237	0.089170
0.597987	0.387544	0.102743
0.629443	0.566980	0.148553
0.693300	0.693233	0.198228
0.522177	0.609835	0.181638
0.508336	0.439032	0.134603
0.405473	0.379837	0.107833
0.444165	0.455835	0.116411
0.746776	0.589178	0.162221
0.776974	0.691691	0.210576
0.665304	0.634654	0.206051
0.492293	0.445969	0.157791
0.375590	0.348081	0.120087
0.443850	0.386928	0.121406
0.741428	0.541699	0.158073
0.806543	0.745183	0.215477
0.592010	0.800062	0.240456
0.511796	0.677355	0.199736
0.275244	0.542932	0.155340
0.594527	0.566980	0.139598
0.749607	0.711885	0.161938
0.715005	0.899029	0.209916
0.627241	0.938338	0.232256
0.589494	0.786034	0.191347
0.569361	0.598273	0.132152
